4160 4
0 1 42 41 
0 287 288 1 
0 41 328 287 
1 2 43 42 
1 288 289 2 
2 3 44 43 
2 289 290 3 
3 4 45 44 
3 290 291 4 
4 5 46 45 
4 291 292 5 
5 6 47 46 
5 292 293 6 
6 7 48 47 
6 293 294 7 
7 8 49 48 
7 294 295 8 
8 9 50 49 
8 295 296 9 
9 10 51 50 
9 296 297 10 
10 11 52 51 
10 297 298 11 
11 12 53 52 
11 298 299 12 
12 13 54 53 
12 299 300 13 
13 14 55 54 
13 300 301 14 
14 15 56 55 
14 301 302 15 
15 16 57 56 
15 302 303 16 
16 17 58 57 
16 303 304 17 
17 18 59 58 
17 304 305 18 
18 19 60 59 
18 305 306 19 
19 20 61 60 
19 306 307 20 
20 21 62 61 
20 307 308 21 
21 22 63 62 
21 308 309 22 
22 23 64 63 
22 309 310 23 
23 24 65 64 
23 310 311 24 
24 25 66 65 
24 311 312 25 
25 26 67 66 
25 312 313 26 
26 27 68 67 
26 313 314 27 
27 28 69 68 
27 314 315 28 
28 29 70 69 
28 315 316 29 
29 30 71 70 
29 316 317 30 
30 31 72 71 
30 317 318 31 
31 32 73 72 
31 318 319 32 
32 33 74 73 
32 319 320 33 
33 34 75 74 
33 320 321 34 
34 35 76 75 
34 321 322 35 
35 36 77 76 
35 322 323 36 
36 37 78 77 
36 323 324 37 
37 38 79 78 
37 324 325 38 
38 39 80 79 
38 325 326 39 
39 40 81 80 
39 326 327 40 
40 327 368 81 
41 42 83 82 
41 82 369 328 
42 43 84 83 
43 44 85 84 
44 45 86 85 
45 46 87 86 
46 47 88 87 
47 48 89 88 
48 49 90 89 
49 50 91 90 
50 51 92 91 
51 52 93 92 
52 53 94 93 
53 54 95 94 
54 55 96 95 
55 56 97 96 
56 57 98 97 
57 58 99 98 
58 59 100 99 
59 60 101 100 
60 61 102 101 
61 62 103 102 
62 63 104 103 
63 64 105 104 
64 65 106 105 
65 66 107 106 
66 67 108 107 
67 68 109 108 
68 69 110 109 
69 70 111 110 
70 71 112 111 
71 72 113 112 
72 73 114 113 
73 74 115 114 
74 75 116 115 
75 76 117 116 
76 77 118 117 
77 78 119 118 
78 79 120 119 
79 80 121 120 
80 81 122 121 
81 368 409 122 
82 83 124 123 
82 123 410 369 
83 84 125 124 
84 85 126 125 
85 86 127 126 
86 87 128 127 
87 88 129 128 
88 89 130 129 
89 90 131 130 
90 91 132 131 
91 92 133 132 
92 93 134 133 
93 94 135 134 
94 95 136 135 
95 96 137 136 
96 97 138 137 
97 98 139 138 
98 99 140 139 
99 100 141 140 
100 101 142 141 
101 102 143 142 
102 103 144 143 
103 104 145 144 
104 105 146 145 
105 106 147 146 
106 107 148 147 
107 108 149 148 
108 109 150 149 
109 110 151 150 
110 111 152 151 
111 112 153 152 
112 113 154 153 
113 114 155 154 
114 115 156 155 
115 116 157 156 
116 117 158 157 
117 118 159 158 
118 119 160 159 
119 120 161 160 
120 121 162 161 
121 122 163 162 
122 409 450 163 
123 124 165 164 
123 164 451 410 
124 125 166 165 
125 126 167 166 
126 127 168 167 
127 128 169 168 
128 129 170 169 
129 130 171 170 
130 131 172 171 
131 132 173 172 
132 133 174 173 
133 134 175 174 
134 135 176 175 
135 136 177 176 
136 137 178 177 
137 138 179 178 
138 139 180 179 
139 140 181 180 
140 141 182 181 
141 142 183 182 
142 143 184 183 
143 144 185 184 
144 145 186 185 
145 146 187 186 
146 147 188 187 
147 148 189 188 
148 149 190 189 
149 150 191 190 
150 151 192 191 
151 152 193 192 
152 153 194 193 
153 154 195 194 
154 155 196 195 
155 156 197 196 
156 157 198 197 
157 158 199 198 
158 159 200 199 
159 160 201 200 
160 161 202 201 
161 162 203 202 
162 163 204 203 
163 450 491 204 
164 165 206 205 
164 205 492 451 
165 166 207 206 
166 167 208 207 
167 168 209 208 
168 169 210 209 
169 170 211 210 
170 171 212 211 
171 172 213 212 
172 173 214 213 
173 174 215 214 
174 175 216 215 
175 176 217 216 
176 177 218 217 
177 178 219 218 
178 179 220 219 
179 180 221 220 
180 181 222 221 
181 182 223 222 
182 183 224 223 
183 184 225 224 
184 185 226 225 
185 186 227 226 
186 187 228 227 
187 188 229 228 
188 189 230 229 
189 190 231 230 
190 191 232 231 
191 192 233 232 
192 193 234 233 
193 194 235 234 
194 195 236 235 
195 196 237 236 
196 197 238 237 
197 198 239 238 
198 199 240 239 
199 200 241 240 
200 201 242 241 
201 202 243 242 
202 203 244 243 
203 204 245 244 
204 491 532 245 
205 206 247 246 
246 247 534 533 
205 246 533 492 
206 207 248 247 
247 248 535 534 
207 208 249 248 
248 249 536 535 
208 209 250 249 
249 250 537 536 
209 210 251 250 
250 251 538 537 
210 211 252 251 
251 252 539 538 
211 212 253 252 
252 253 540 539 
212 213 254 253 
253 254 541 540 
213 214 255 254 
254 255 542 541 
214 215 256 255 
255 256 543 542 
215 216 257 256 
256 257 544 543 
216 217 258 257 
257 258 545 544 
217 218 259 258 
258 259 546 545 
218 219 260 259 
259 260 547 546 
219 220 261 260 
260 261 548 547 
220 221 262 261 
261 262 549 548 
221 222 263 262 
262 263 550 549 
222 223 264 263 
263 264 551 550 
223 224 265 264 
264 265 552 551 
224 225 266 265 
265 266 553 552 
225 226 267 266 
266 267 554 553 
226 227 268 267 
267 268 555 554 
227 228 269 268 
268 269 556 555 
228 229 270 269 
269 270 557 556 
229 230 271 270 
270 271 558 557 
230 231 272 271 
271 272 559 558 
231 232 273 272 
272 273 560 559 
232 233 274 273 
273 274 561 560 
233 234 275 274 
274 275 562 561 
234 235 276 275 
275 276 563 562 
235 236 277 276 
276 277 564 563 
236 237 278 277 
277 278 565 564 
237 238 279 278 
278 279 566 565 
238 239 280 279 
279 280 567 566 
239 240 281 280 
280 281 568 567 
240 241 282 281 
281 282 569 568 
241 242 283 282 
282 283 570 569 
242 243 284 283 
283 284 571 570 
243 244 285 284 
284 285 572 571 
244 245 286 285 
285 286 573 572 
245 532 573 286 
287 574 575 288 
287 328 615 574 
288 575 576 289 
289 576 577 290 
290 577 578 291 
291 578 579 292 
292 579 580 293 
293 580 581 294 
294 581 582 295 
295 582 583 296 
296 583 584 297 
297 584 585 298 
298 585 586 299 
299 586 587 300 
300 587 588 301 
301 588 589 302 
302 589 590 303 
303 590 591 304 
304 591 592 305 
305 592 593 306 
306 593 594 307 
307 594 595 308 
308 595 596 309 
309 596 597 310 
310 597 598 311 
311 598 599 312 
312 599 600 313 
313 600 601 314 
314 601 602 315 
315 602 603 316 
316 603 604 317 
317 604 605 318 
318 605 606 319 
319 606 607 320 
320 607 608 321 
321 608 609 322 
322 609 610 323 
323 610 611 324 
324 611 612 325 
325 612 613 326 
326 613 614 327 
327 614 655 368 
328 369 656 615 
368 655 696 409 
369 410 697 656 
409 696 737 450 
410 451 738 697 
450 737 778 491 
451 492 779 738 
491 778 819 532 
533 534 821 820 
492 533 820 779 
534 535 822 821 
535 536 823 822 
536 537 824 823 
537 538 825 824 
538 539 826 825 
539 540 827 826 
540 541 828 827 
541 542 829 828 
542 543 830 829 
543 544 831 830 
544 545 832 831 
545 546 833 832 
546 547 834 833 
547 548 835 834 
548 549 836 835 
549 550 837 836 
550 551 838 837 
551 552 839 838 
552 553 840 839 
553 554 841 840 
554 555 842 841 
555 556 843 842 
556 557 844 843 
557 558 845 844 
558 559 846 845 
559 560 847 846 
560 561 848 847 
561 562 849 848 
562 563 850 849 
563 564 851 850 
564 565 852 851 
565 566 853 852 
566 567 854 853 
567 568 855 854 
568 569 856 855 
569 570 857 856 
570 571 858 857 
571 572 859 858 
572 573 860 859 
532 819 860 573 
574 861 862 575 
574 615 902 861 
575 862 863 576 
576 863 864 577 
577 864 865 578 
578 865 866 579 
579 866 867 580 
580 867 868 581 
581 868 869 582 
582 869 870 583 
583 870 871 584 
584 871 872 585 
585 872 873 586 
586 873 874 587 
587 874 875 588 
588 875 876 589 
589 876 877 590 
590 877 878 591 
591 878 879 592 
592 879 880 593 
593 880 881 594 
594 881 882 595 
595 882 883 596 
596 883 884 597 
597 884 885 598 
598 885 886 599 
599 886 887 600 
600 887 888 601 
601 888 889 602 
602 889 890 603 
603 890 891 604 
604 891 892 605 
605 892 893 606 
606 893 894 607 
607 894 895 608 
608 895 896 609 
609 896 897 610 
610 897 898 611 
611 898 899 612 
612 899 900 613 
613 900 901 614 
614 901 942 655 
615 656 943 902 
655 942 983 696 
656 697 984 943 
696 983 1024 737 
697 738 1025 984 
737 1024 1065 778 
738 779 1066 1025 
778 1065 1106 819 
820 821 1108 1107 
779 820 1107 1066 
821 822 1109 1108 
822 823 1110 1109 
823 824 1111 1110 
824 825 1112 1111 
825 826 1113 1112 
826 827 1114 1113 
827 828 1115 1114 
828 829 1116 1115 
829 830 1117 1116 
830 831 1118 1117 
831 832 1119 1118 
832 833 1120 1119 
833 834 1121 1120 
834 835 1122 1121 
835 836 1123 1122 
836 837 1124 1123 
837 838 1125 1124 
838 839 1126 1125 
839 840 1127 1126 
840 841 1128 1127 
841 842 1129 1128 
842 843 1130 1129 
843 844 1131 1130 
844 845 1132 1131 
845 846 1133 1132 
846 847 1134 1133 
847 848 1135 1134 
848 849 1136 1135 
849 850 1137 1136 
850 851 1138 1137 
851 852 1139 1138 
852 853 1140 1139 
853 854 1141 1140 
854 855 1142 1141 
855 856 1143 1142 
856 857 1144 1143 
857 858 1145 1144 
858 859 1146 1145 
859 860 1147 1146 
819 1106 1147 860 
861 1148 1149 862 
861 902 1189 1148 
862 1149 1150 863 
863 1150 1151 864 
864 1151 1152 865 
865 1152 1153 866 
866 1153 1154 867 
867 1154 1155 868 
868 1155 1156 869 
869 1156 1157 870 
870 1157 1158 871 
871 1158 1159 872 
872 1159 1160 873 
873 1160 1161 874 
874 1161 1162 875 
875 1162 1163 876 
876 1163 1164 877 
877 1164 1165 878 
878 1165 1166 879 
879 1166 1167 880 
880 1167 1168 881 
881 1168 1169 882 
882 1169 1170 883 
883 1170 1171 884 
884 1171 1172 885 
885 1172 1173 886 
886 1173 1174 887 
887 1174 1175 888 
888 1175 1176 889 
889 1176 1177 890 
890 1177 1178 891 
891 1178 1179 892 
892 1179 1180 893 
893 1180 1181 894 
894 1181 1182 895 
895 1182 1183 896 
896 1183 1184 897 
897 1184 1185 898 
898 1185 1186 899 
899 1186 1187 900 
900 1187 1188 901 
901 1188 1229 942 
902 943 1230 1189 
942 1229 1270 983 
943 984 1271 1230 
983 1270 1311 1024 
984 1025 1312 1271 
1024 1311 1352 1065 
1025 1066 1353 1312 
1065 1352 1393 1106 
1107 1108 1395 1394 
1066 1107 1394 1353 
1108 1109 1396 1395 
1109 1110 1397 1396 
1110 1111 1398 1397 
1111 1112 1399 1398 
1112 1113 1400 1399 
1113 1114 1401 1400 
1114 1115 1402 1401 
1115 1116 1403 1402 
1116 1117 1404 1403 
1117 1118 1405 1404 
1118 1119 1406 1405 
1119 1120 1407 1406 
1120 1121 1408 1407 
1121 1122 1409 1408 
1122 1123 1410 1409 
1123 1124 1411 1410 
1124 1125 1412 1411 
1125 1126 1413 1412 
1126 1127 1414 1413 
1127 1128 1415 1414 
1128 1129 1416 1415 
1129 1130 1417 1416 
1130 1131 1418 1417 
1131 1132 1419 1418 
1132 1133 1420 1419 
1133 1134 1421 1420 
1134 1135 1422 1421 
1135 1136 1423 1422 
1136 1137 1424 1423 
1137 1138 1425 1424 
1138 1139 1426 1425 
1139 1140 1427 1426 
1140 1141 1428 1427 
1141 1142 1429 1428 
1142 1143 1430 1429 
1143 1144 1431 1430 
1144 1145 1432 1431 
1145 1146 1433 1432 
1146 1147 1434 1433 
1106 1393 1434 1147 
1148 1435 1436 1149 
1148 1189 1476 1435 
1149 1436 1437 1150 
1150 1437 1438 1151 
1151 1438 1439 1152 
1152 1439 1440 1153 
1153 1440 1441 1154 
1154 1441 1442 1155 
1155 1442 1443 1156 
1156 1443 1444 1157 
1157 1444 1445 1158 
1158 1445 1446 1159 
1159 1446 1447 1160 
1160 1447 1448 1161 
1161 1448 1449 1162 
1162 1449 1450 1163 
1163 1450 1451 1164 
1164 1451 1452 1165 
1165 1452 1453 1166 
1166 1453 1454 1167 
1167 1454 1455 1168 
1168 1455 1456 1169 
1169 1456 1457 1170 
1170 1457 1458 1171 
1171 1458 1459 1172 
1172 1459 1460 1173 
1173 1460 1461 1174 
1174 1461 1462 1175 
1175 1462 1463 1176 
1176 1463 1464 1177 
1177 1464 1465 1178 
1178 1465 1466 1179 
1179 1466 1467 1180 
1180 1467 1468 1181 
1181 1468 1469 1182 
1182 1469 1470 1183 
1183 1470 1471 1184 
1184 1471 1472 1185 
1185 1472 1473 1186 
1186 1473 1474 1187 
1187 1474 1475 1188 
1188 1475 1516 1229 
1189 1230 1517 1476 
1229 1516 1557 1270 
1230 1271 1558 1517 
1270 1557 1598 1311 
1271 1312 1599 1558 
1311 1598 1639 1352 
1312 1353 1640 1599 
1352 1639 1680 1393 
1394 1395 1682 1681 
1353 1394 1681 1640 
1395 1396 1683 1682 
1396 1397 1684 1683 
1397 1398 1685 1684 
1398 1399 1686 1685 
1399 1400 1687 1686 
1400 1401 1688 1687 
1401 1402 1689 1688 
1402 1403 1690 1689 
1403 1404 1691 1690 
1404 1405 1692 1691 
1405 1406 1693 1692 
1406 1407 1694 1693 
1407 1408 1695 1694 
1408 1409 1696 1695 
1409 1410 1697 1696 
1410 1411 1698 1697 
1411 1412 1699 1698 
1412 1413 1700 1699 
1413 1414 1701 1700 
1414 1415 1702 1701 
1415 1416 1703 1702 
1416 1417 1704 1703 
1417 1418 1705 1704 
1418 1419 1706 1705 
1419 1420 1707 1706 
1420 1421 1708 1707 
1421 1422 1709 1708 
1422 1423 1710 1709 
1423 1424 1711 1710 
1424 1425 1712 1711 
1425 1426 1713 1712 
1426 1427 1714 1713 
1427 1428 1715 1714 
1428 1429 1716 1715 
1429 1430 1717 1716 
1430 1431 1718 1717 
1431 1432 1719 1718 
1432 1433 1720 1719 
1433 1434 1721 1720 
1393 1680 1721 1434 
1435 1722 1723 1436 
1435 1476 1763 1722 
1436 1723 1724 1437 
1437 1724 1725 1438 
1438 1725 1726 1439 
1439 1726 1727 1440 
1440 1727 1728 1441 
1441 1728 1729 1442 
1442 1729 1730 1443 
1443 1730 1731 1444 
1444 1731 1732 1445 
1445 1732 1733 1446 
1446 1733 1734 1447 
1447 1734 1735 1448 
1448 1735 1736 1449 
1449 1736 1737 1450 
1450 1737 1738 1451 
1451 1738 1739 1452 
1452 1739 1740 1453 
1453 1740 1741 1454 
1454 1741 1742 1455 
1455 1742 1743 1456 
1456 1743 1744 1457 
1457 1744 1745 1458 
1458 1745 1746 1459 
1459 1746 1747 1460 
1460 1747 1748 1461 
1461 1748 1749 1462 
1462 1749 1750 1463 
1463 1750 1751 1464 
1464 1751 1752 1465 
1465 1752 1753 1466 
1466 1753 1754 1467 
1467 1754 1755 1468 
1468 1755 1756 1469 
1469 1756 1757 1470 
1470 1757 1758 1471 
1471 1758 1759 1472 
1472 1759 1760 1473 
1473 1760 1761 1474 
1474 1761 1762 1475 
1475 1762 1803 1516 
1476 1517 1804 1763 
1516 1803 1844 1557 
1517 1558 1845 1804 
1557 1844 1885 1598 
1558 1599 1886 1845 
1598 1885 1926 1639 
1599 1640 1927 1886 
1639 1926 1967 1680 
1681 1682 1969 1968 
1640 1681 1968 1927 
1682 1683 1970 1969 
1683 1684 1971 1970 
1684 1685 1972 1971 
1685 1686 1973 1972 
1686 1687 1974 1973 
1687 1688 1975 1974 
1688 1689 1976 1975 
1689 1690 1977 1976 
1690 1691 1978 1977 
1691 1692 1979 1978 
1692 1693 1980 1979 
1693 1694 1981 1980 
1694 1695 1982 1981 
1695 1696 1983 1982 
1696 1697 1984 1983 
1697 1698 1985 1984 
1698 1699 1986 1985 
1699 1700 1987 1986 
1700 1701 1988 1987 
1701 1702 1989 1988 
1702 1703 1990 1989 
1703 1704 1991 1990 
1704 1705 1992 1991 
1705 1706 1993 1992 
1706 1707 1994 1993 
1707 1708 1995 1994 
1708 1709 1996 1995 
1709 1710 1997 1996 
1710 1711 1998 1997 
1711 1712 1999 1998 
1712 1713 2000 1999 
1713 1714 2001 2000 
1714 1715 2002 2001 
1715 1716 2003 2002 
1716 1717 2004 2003 
1717 1718 2005 2004 
1718 1719 2006 2005 
1719 1720 2007 2006 
1720 1721 2008 2007 
1680 1967 2008 1721 
1722 2009 2010 1723 
1722 1763 2050 2009 
1723 2010 2011 1724 
1724 2011 2012 1725 
1725 2012 2013 1726 
1726 2013 2014 1727 
1727 2014 2015 1728 
1728 2015 2016 1729 
1729 2016 2017 1730 
1730 2017 2018 1731 
1731 2018 2019 1732 
1732 2019 2020 1733 
1733 2020 2021 1734 
1734 2021 2022 1735 
1735 2022 2023 1736 
1736 2023 2024 1737 
1737 2024 2025 1738 
1738 2025 2026 1739 
1739 2026 2027 1740 
1740 2027 2028 1741 
1741 2028 2029 1742 
1742 2029 2030 1743 
1743 2030 2031 1744 
1744 2031 2032 1745 
1745 2032 2033 1746 
1746 2033 2034 1747 
1747 2034 2035 1748 
1748 2035 2036 1749 
1749 2036 2037 1750 
1750 2037 2038 1751 
1751 2038 2039 1752 
1752 2039 2040 1753 
1753 2040 2041 1754 
1754 2041 2042 1755 
1755 2042 2043 1756 
1756 2043 2044 1757 
1757 2044 2045 1758 
1758 2045 2046 1759 
1759 2046 2047 1760 
1760 2047 2048 1761 
1761 2048 2049 1762 
1762 2049 2090 1803 
1763 1804 2091 2050 
1803 2090 2131 1844 
1804 1845 2132 2091 
1844 2131 2172 1885 
1845 1886 2173 2132 
1885 2172 2213 1926 
1886 1927 2214 2173 
1926 2213 2254 1967 
1968 1969 2256 2255 
1927 1968 2255 2214 
1969 1970 2257 2256 
1970 1971 2258 2257 
1971 1972 2259 2258 
1972 1973 2260 2259 
1973 1974 2261 2260 
1974 1975 2262 2261 
1975 1976 2263 2262 
1976 1977 2264 2263 
1977 1978 2265 2264 
1978 1979 2266 2265 
1979 1980 2267 2266 
1980 1981 2268 2267 
1981 1982 2269 2268 
1982 1983 2270 2269 
1983 1984 2271 2270 
1984 1985 2272 2271 
1985 1986 2273 2272 
1986 1987 2274 2273 
1987 1988 2275 2274 
1988 1989 2276 2275 
1989 1990 2277 2276 
1990 1991 2278 2277 
1991 1992 2279 2278 
1992 1993 2280 2279 
1993 1994 2281 2280 
1994 1995 2282 2281 
1995 1996 2283 2282 
1996 1997 2284 2283 
1997 1998 2285 2284 
1998 1999 2286 2285 
1999 2000 2287 2286 
2000 2001 2288 2287 
2001 2002 2289 2288 
2002 2003 2290 2289 
2003 2004 2291 2290 
2004 2005 2292 2291 
2005 2006 2293 2292 
2006 2007 2294 2293 
2007 2008 2295 2294 
1967 2254 2295 2008 
2009 2296 2297 2010 
2009 2050 2337 2296 
2010 2297 2298 2011 
2011 2298 2299 2012 
2012 2299 2300 2013 
2013 2300 2301 2014 
2014 2301 2302 2015 
2015 2302 2303 2016 
2016 2303 2304 2017 
2017 2304 2305 2018 
2018 2305 2306 2019 
2019 2306 2307 2020 
2020 2307 2308 2021 
2021 2308 2309 2022 
2022 2309 2310 2023 
2023 2310 2311 2024 
2024 2311 2312 2025 
2025 2312 2313 2026 
2026 2313 2314 2027 
2027 2314 2315 2028 
2028 2315 2316 2029 
2029 2316 2317 2030 
2030 2317 2318 2031 
2031 2318 2319 2032 
2032 2319 2320 2033 
2033 2320 2321 2034 
2034 2321 2322 2035 
2035 2322 2323 2036 
2036 2323 2324 2037 
2037 2324 2325 2038 
2038 2325 2326 2039 
2039 2326 2327 2040 
2040 2327 2328 2041 
2041 2328 2329 2042 
2042 2329 2330 2043 
2043 2330 2331 2044 
2044 2331 2332 2045 
2045 2332 2333 2046 
2046 2333 2334 2047 
2047 2334 2335 2048 
2048 2335 2336 2049 
2049 2336 2377 2090 
2050 2091 2378 2337 
2090 2377 2418 2131 
2091 2132 2419 2378 
2131 2418 2459 2172 
2132 2173 2460 2419 
2172 2459 2500 2213 
2173 2214 2501 2460 
2213 2500 2541 2254 
2255 2256 2543 2542 
2214 2255 2542 2501 
2256 2257 2544 2543 
2257 2258 2545 2544 
2258 2259 2546 2545 
2259 2260 2547 2546 
2260 2261 2548 2547 
2261 2262 2549 2548 
2262 2263 2550 2549 
2263 2264 2551 2550 
2264 2265 2552 2551 
2265 2266 2553 2552 
2266 2267 2554 2553 
2267 2268 2555 2554 
2268 2269 2556 2555 
2269 2270 2557 2556 
2270 2271 2558 2557 
2271 2272 2559 2558 
2272 2273 2560 2559 
2273 2274 2561 2560 
2274 2275 2562 2561 
2275 2276 2563 2562 
2276 2277 2564 2563 
2277 2278 2565 2564 
2278 2279 2566 2565 
2279 2280 2567 2566 
2280 2281 2568 2567 
2281 2282 2569 2568 
2282 2283 2570 2569 
2283 2284 2571 2570 
2284 2285 2572 2571 
2285 2286 2573 2572 
2286 2287 2574 2573 
2287 2288 2575 2574 
2288 2289 2576 2575 
2289 2290 2577 2576 
2290 2291 2578 2577 
2291 2292 2579 2578 
2292 2293 2580 2579 
2293 2294 2581 2580 
2294 2295 2582 2581 
2254 2541 2582 2295 
2296 2583 2584 2297 
2296 2337 2624 2583 
2297 2584 2585 2298 
2298 2585 2586 2299 
2299 2586 2587 2300 
2300 2587 2588 2301 
2301 2588 2589 2302 
2302 2589 2590 2303 
2303 2590 2591 2304 
2304 2591 2592 2305 
2305 2592 2593 2306 
2306 2593 2594 2307 
2307 2594 2595 2308 
2308 2595 2596 2309 
2309 2596 2597 2310 
2310 2597 2598 2311 
2311 2598 2599 2312 
2312 2599 2600 2313 
2313 2600 2601 2314 
2314 2601 2602 2315 
2315 2602 2603 2316 
2316 2603 2604 2317 
2317 2604 2605 2318 
2318 2605 2606 2319 
2319 2606 2607 2320 
2320 2607 2608 2321 
2321 2608 2609 2322 
2322 2609 2610 2323 
2323 2610 2611 2324 
2324 2611 2612 2325 
2325 2612 2613 2326 
2326 2613 2614 2327 
2327 2614 2615 2328 
2328 2615 2616 2329 
2329 2616 2617 2330 
2330 2617 2618 2331 
2331 2618 2619 2332 
2332 2619 2620 2333 
2333 2620 2621 2334 
2334 2621 2622 2335 
2335 2622 2623 2336 
2336 2623 2664 2377 
2337 2378 2665 2624 
2377 2664 2705 2418 
2378 2419 2706 2665 
2418 2705 2746 2459 
2419 2460 2747 2706 
2459 2746 2787 2500 
2460 2501 2788 2747 
2500 2787 2828 2541 
2542 2543 2830 2829 
2501 2542 2829 2788 
2543 2544 2831 2830 
2544 2545 2832 2831 
2545 2546 2833 2832 
2546 2547 2834 2833 
2547 2548 2835 2834 
2548 2549 2836 2835 
2549 2550 2837 2836 
2550 2551 2838 2837 
2551 2552 2839 2838 
2552 2553 2840 2839 
2553 2554 2841 2840 
2554 2555 2842 2841 
2555 2556 2843 2842 
2556 2557 2844 2843 
2557 2558 2845 2844 
2558 2559 2846 2845 
2559 2560 2847 2846 
2560 2561 2848 2847 
2561 2562 2849 2848 
2562 2563 2850 2849 
2563 2564 2851 2850 
2564 2565 2852 2851 
2565 2566 2853 2852 
2566 2567 2854 2853 
2567 2568 2855 2854 
2568 2569 2856 2855 
2569 2570 2857 2856 
2570 2571 2858 2857 
2571 2572 2859 2858 
2572 2573 2860 2859 
2573 2574 2861 2860 
2574 2575 2862 2861 
2575 2576 2863 2862 
2576 2577 2864 2863 
2577 2578 2865 2864 
2578 2579 2866 2865 
2579 2580 2867 2866 
2580 2581 2868 2867 
2581 2582 2869 2868 
2541 2828 2869 2582 
2583 2870 2871 2584 
2583 2624 2911 2870 
2584 2871 2872 2585 
2585 2872 2873 2586 
2586 2873 2874 2587 
2587 2874 2875 2588 
2588 2875 2876 2589 
2589 2876 2877 2590 
2590 2877 2878 2591 
2591 2878 2879 2592 
2592 2879 2880 2593 
2593 2880 2881 2594 
2594 2881 2882 2595 
2595 2882 2883 2596 
2596 2883 2884 2597 
2597 2884 2885 2598 
2598 2885 2886 2599 
2599 2886 2887 2600 
2600 2887 2888 2601 
2601 2888 2889 2602 
2602 2889 2890 2603 
2603 2890 2891 2604 
2604 2891 2892 2605 
2605 2892 2893 2606 
2606 2893 2894 2607 
2607 2894 2895 2608 
2608 2895 2896 2609 
2609 2896 2897 2610 
2610 2897 2898 2611 
2611 2898 2899 2612 
2612 2899 2900 2613 
2613 2900 2901 2614 
2614 2901 2902 2615 
2615 2902 2903 2616 
2616 2903 2904 2617 
2617 2904 2905 2618 
2618 2905 2906 2619 
2619 2906 2907 2620 
2620 2907 2908 2621 
2621 2908 2909 2622 
2622 2909 2910 2623 
2623 2910 2951 2664 
2624 2665 2952 2911 
2664 2951 2992 2705 
2665 2706 2993 2952 
2705 2992 3033 2746 
2706 2747 3034 2993 
2746 3033 3074 2787 
2747 2788 3075 3034 
2787 3074 3115 2828 
2829 2830 3117 3116 
2788 2829 3116 3075 
2830 2831 3118 3117 
2831 2832 3119 3118 
2832 2833 3120 3119 
2833 2834 3121 3120 
2834 2835 3122 3121 
2835 2836 3123 3122 
2836 2837 3124 3123 
2837 2838 3125 3124 
2838 2839 3126 3125 
2839 2840 3127 3126 
2840 2841 3128 3127 
2841 2842 3129 3128 
2842 2843 3130 3129 
2843 2844 3131 3130 
2844 2845 3132 3131 
2845 2846 3133 3132 
2846 2847 3134 3133 
2847 2848 3135 3134 
2848 2849 3136 3135 
2849 2850 3137 3136 
2850 2851 3138 3137 
2851 2852 3139 3138 
2852 2853 3140 3139 
2853 2854 3141 3140 
2854 2855 3142 3141 
2855 2856 3143 3142 
2856 2857 3144 3143 
2857 2858 3145 3144 
2858 2859 3146 3145 
2859 2860 3147 3146 
2860 2861 3148 3147 
2861 2862 3149 3148 
2862 2863 3150 3149 
2863 2864 3151 3150 
2864 2865 3152 3151 
2865 2866 3153 3152 
2866 2867 3154 3153 
2867 2868 3155 3154 
2868 2869 3156 3155 
2828 3115 3156 2869 
2870 3157 3158 2871 
2870 2911 3198 3157 
2871 3158 3159 2872 
2872 3159 3160 2873 
2873 3160 3161 2874 
2874 3161 3162 2875 
2875 3162 3163 2876 
2876 3163 3164 2877 
2877 3164 3165 2878 
2878 3165 3166 2879 
2879 3166 3167 2880 
2880 3167 3168 2881 
2881 3168 3169 2882 
2882 3169 3170 2883 
2883 3170 3171 2884 
2884 3171 3172 2885 
2885 3172 3173 2886 
2886 3173 3174 2887 
2887 3174 3175 2888 
2888 3175 3176 2889 
2889 3176 3177 2890 
2890 3177 3178 2891 
2891 3178 3179 2892 
2892 3179 3180 2893 
2893 3180 3181 2894 
2894 3181 3182 2895 
2895 3182 3183 2896 
2896 3183 3184 2897 
2897 3184 3185 2898 
2898 3185 3186 2899 
2899 3186 3187 2900 
2900 3187 3188 2901 
2901 3188 3189 2902 
2902 3189 3190 2903 
2903 3190 3191 2904 
2904 3191 3192 2905 
2905 3192 3193 2906 
2906 3193 3194 2907 
2907 3194 3195 2908 
2908 3195 3196 2909 
2909 3196 3197 2910 
2910 3197 3238 2951 
2911 2952 3239 3198 
2951 3238 3279 2992 
2952 2993 3280 3239 
2992 3279 3320 3033 
2993 3034 3321 3280 
3033 3320 3361 3074 
3034 3075 3362 3321 
3074 3361 3402 3115 
3116 3117 3404 3403 
3075 3116 3403 3362 
3117 3118 3405 3404 
3118 3119 3406 3405 
3119 3120 3407 3406 
3120 3121 3408 3407 
3121 3122 3409 3408 
3122 3123 3410 3409 
3123 3124 3411 3410 
3124 3125 3412 3411 
3125 3126 3413 3412 
3126 3127 3414 3413 
3127 3128 3415 3414 
3128 3129 3416 3415 
3129 3130 3417 3416 
3130 3131 3418 3417 
3131 3132 3419 3418 
3132 3133 3420 3419 
3133 3134 3421 3420 
3134 3135 3422 3421 
3135 3136 3423 3422 
3136 3137 3424 3423 
3137 3138 3425 3424 
3138 3139 3426 3425 
3139 3140 3427 3426 
3140 3141 3428 3427 
3141 3142 3429 3428 
3142 3143 3430 3429 
3143 3144 3431 3430 
3144 3145 3432 3431 
3145 3146 3433 3432 
3146 3147 3434 3433 
3147 3148 3435 3434 
3148 3149 3436 3435 
3149 3150 3437 3436 
3150 3151 3438 3437 
3151 3152 3439 3438 
3152 3153 3440 3439 
3153 3154 3441 3440 
3154 3155 3442 3441 
3155 3156 3443 3442 
3115 3402 3443 3156 
3157 3444 3445 3158 
3157 3198 3485 3444 
3158 3445 3446 3159 
3159 3446 3447 3160 
3160 3447 3448 3161 
3161 3448 3449 3162 
3162 3449 3450 3163 
3163 3450 3451 3164 
3164 3451 3452 3165 
3165 3452 3453 3166 
3166 3453 3454 3167 
3167 3454 3455 3168 
3168 3455 3456 3169 
3169 3456 3457 3170 
3170 3457 3458 3171 
3171 3458 3459 3172 
3172 3459 3460 3173 
3173 3460 3461 3174 
3174 3461 3462 3175 
3175 3462 3463 3176 
3176 3463 3464 3177 
3177 3464 3465 3178 
3178 3465 3466 3179 
3179 3466 3467 3180 
3180 3467 3468 3181 
3181 3468 3469 3182 
3182 3469 3470 3183 
3183 3470 3471 3184 
3184 3471 3472 3185 
3185 3472 3473 3186 
3186 3473 3474 3187 
3187 3474 3475 3188 
3188 3475 3476 3189 
3189 3476 3477 3190 
3190 3477 3478 3191 
3191 3478 3479 3192 
3192 3479 3480 3193 
3193 3480 3481 3194 
3194 3481 3482 3195 
3195 3482 3483 3196 
3196 3483 3484 3197 
3197 3484 3525 3238 
3198 3239 3526 3485 
3238 3525 3566 3279 
3239 3280 3567 3526 
3279 3566 3607 3320 
3280 3321 3608 3567 
3320 3607 3648 3361 
3321 3362 3649 3608 
3361 3648 3689 3402 
3403 3404 3691 3690 
3362 3403 3690 3649 
3404 3405 3692 3691 
3405 3406 3693 3692 
3406 3407 3694 3693 
3407 3408 3695 3694 
3408 3409 3696 3695 
3409 3410 3697 3696 
3410 3411 3698 3697 
3411 3412 3699 3698 
3412 3413 3700 3699 
3413 3414 3701 3700 
3414 3415 3702 3701 
3415 3416 3703 3702 
3416 3417 3704 3703 
3417 3418 3705 3704 
3418 3419 3706 3705 
3419 3420 3707 3706 
3420 3421 3708 3707 
3421 3422 3709 3708 
3422 3423 3710 3709 
3423 3424 3711 3710 
3424 3425 3712 3711 
3425 3426 3713 3712 
3426 3427 3714 3713 
3427 3428 3715 3714 
3428 3429 3716 3715 
3429 3430 3717 3716 
3430 3431 3718 3717 
3431 3432 3719 3718 
3432 3433 3720 3719 
3433 3434 3721 3720 
3434 3435 3722 3721 
3435 3436 3723 3722 
3436 3437 3724 3723 
3437 3438 3725 3724 
3438 3439 3726 3725 
3439 3440 3727 3726 
3440 3441 3728 3727 
3441 3442 3729 3728 
3442 3443 3730 3729 
3402 3689 3730 3443 
3444 3731 3732 3445 
3444 3485 3772 3731 
3445 3732 3733 3446 
3446 3733 3734 3447 
3447 3734 3735 3448 
3448 3735 3736 3449 
3449 3736 3737 3450 
3450 3737 3738 3451 
3451 3738 3739 3452 
3452 3739 3740 3453 
3453 3740 3741 3454 
3454 3741 3742 3455 
3455 3742 3743 3456 
3456 3743 3744 3457 
3457 3744 3745 3458 
3458 3745 3746 3459 
3459 3746 3747 3460 
3460 3747 3748 3461 
3461 3748 3749 3462 
3462 3749 3750 3463 
3463 3750 3751 3464 
3464 3751 3752 3465 
3465 3752 3753 3466 
3466 3753 3754 3467 
3467 3754 3755 3468 
3468 3755 3756 3469 
3469 3756 3757 3470 
3470 3757 3758 3471 
3471 3758 3759 3472 
3472 3759 3760 3473 
3473 3760 3761 3474 
3474 3761 3762 3475 
3475 3762 3763 3476 
3476 3763 3764 3477 
3477 3764 3765 3478 
3478 3765 3766 3479 
3479 3766 3767 3480 
3480 3767 3768 3481 
3481 3768 3769 3482 
3482 3769 3770 3483 
3483 3770 3771 3484 
3484 3771 3812 3525 
3485 3526 3813 3772 
3525 3812 3853 3566 
3526 3567 3854 3813 
3566 3853 3894 3607 
3567 3608 3895 3854 
3607 3894 3935 3648 
3608 3649 3936 3895 
3648 3935 3976 3689 
3690 3691 3978 3977 
3649 3690 3977 3936 
3691 3692 3979 3978 
3692 3693 3980 3979 
3693 3694 3981 3980 
3694 3695 3982 3981 
3695 3696 3983 3982 
3696 3697 3984 3983 
3697 3698 3985 3984 
3698 3699 3986 3985 
3699 3700 3987 3986 
3700 3701 3988 3987 
3701 3702 3989 3988 
3702 3703 3990 3989 
3703 3704 3991 3990 
3704 3705 3992 3991 
3705 3706 3993 3992 
3706 3707 3994 3993 
3707 3708 3995 3994 
3708 3709 3996 3995 
3709 3710 3997 3996 
3710 3711 3998 3997 
3711 3712 3999 3998 
3712 3713 4000 3999 
3713 3714 4001 4000 
3714 3715 4002 4001 
3715 3716 4003 4002 
3716 3717 4004 4003 
3717 3718 4005 4004 
3718 3719 4006 4005 
3719 3720 4007 4006 
3720 3721 4008 4007 
3721 3722 4009 4008 
3722 3723 4010 4009 
3723 3724 4011 4010 
3724 3725 4012 4011 
3725 3726 4013 4012 
3726 3727 4014 4013 
3727 3728 4015 4014 
3728 3729 4016 4015 
3729 3730 4017 4016 
3689 3976 4017 3730 
3731 4018 4019 3732 
3731 3772 4059 4018 
3732 4019 4020 3733 
3733 4020 4021 3734 
3734 4021 4022 3735 
3735 4022 4023 3736 
3736 4023 4024 3737 
3737 4024 4025 3738 
3738 4025 4026 3739 
3739 4026 4027 3740 
3740 4027 4028 3741 
3741 4028 4029 3742 
3742 4029 4030 3743 
3743 4030 4031 3744 
3744 4031 4032 3745 
3745 4032 4033 3746 
3746 4033 4034 3747 
3747 4034 4035 3748 
3748 4035 4036 3749 
3749 4036 4037 3750 
3750 4037 4038 3751 
3751 4038 4039 3752 
3752 4039 4040 3753 
3753 4040 4041 3754 
3754 4041 4042 3755 
3755 4042 4043 3756 
3756 4043 4044 3757 
3757 4044 4045 3758 
3758 4045 4046 3759 
3759 4046 4047 3760 
3760 4047 4048 3761 
3761 4048 4049 3762 
3762 4049 4050 3763 
3763 4050 4051 3764 
3764 4051 4052 3765 
3765 4052 4053 3766 
3766 4053 4054 3767 
3767 4054 4055 3768 
3768 4055 4056 3769 
3769 4056 4057 3770 
3770 4057 4058 3771 
3771 4058 4099 3812 
3772 3813 4100 4059 
3812 4099 4140 3853 
3813 3854 4141 4100 
3853 4140 4181 3894 
3854 3895 4182 4141 
3894 4181 4222 3935 
3895 3936 4223 4182 
3935 4222 4263 3976 
3977 3978 4265 4264 
3936 3977 4264 4223 
3978 3979 4266 4265 
3979 3980 4267 4266 
3980 3981 4268 4267 
3981 3982 4269 4268 
3982 3983 4270 4269 
3983 3984 4271 4270 
3984 3985 4272 4271 
3985 3986 4273 4272 
3986 3987 4274 4273 
3987 3988 4275 4274 
3988 3989 4276 4275 
3989 3990 4277 4276 
3990 3991 4278 4277 
3991 3992 4279 4278 
3992 3993 4280 4279 
3993 3994 4281 4280 
3994 3995 4282 4281 
3995 3996 4283 4282 
3996 3997 4284 4283 
3997 3998 4285 4284 
3998 3999 4286 4285 
3999 4000 4287 4286 
4000 4001 4288 4287 
4001 4002 4289 4288 
4002 4003 4290 4289 
4003 4004 4291 4290 
4004 4005 4292 4291 
4005 4006 4293 4292 
4006 4007 4294 4293 
4007 4008 4295 4294 
4008 4009 4296 4295 
4009 4010 4297 4296 
4010 4011 4298 4297 
4011 4012 4299 4298 
4012 4013 4300 4299 
4013 4014 4301 4300 
4014 4015 4302 4301 
4015 4016 4303 4302 
4016 4017 4304 4303 
3976 4263 4304 4017 
4018 4305 4306 4019 
4018 4059 4346 4305 
4019 4306 4307 4020 
4020 4307 4308 4021 
4021 4308 4309 4022 
4022 4309 4310 4023 
4023 4310 4311 4024 
4024 4311 4312 4025 
4025 4312 4313 4026 
4026 4313 4314 4027 
4027 4314 4315 4028 
4028 4315 4316 4029 
4029 4316 4317 4030 
4030 4317 4318 4031 
4031 4318 4319 4032 
4032 4319 4320 4033 
4033 4320 4321 4034 
4034 4321 4322 4035 
4035 4322 4323 4036 
4036 4323 4324 4037 
4037 4324 4325 4038 
4038 4325 4326 4039 
4039 4326 4327 4040 
4040 4327 4328 4041 
4041 4328 4329 4042 
4042 4329 4330 4043 
4043 4330 4331 4044 
4044 4331 4332 4045 
4045 4332 4333 4046 
4046 4333 4334 4047 
4047 4334 4335 4048 
4048 4335 4336 4049 
4049 4336 4337 4050 
4050 4337 4338 4051 
4051 4338 4339 4052 
4052 4339 4340 4053 
4053 4340 4341 4054 
4054 4341 4342 4055 
4055 4342 4343 4056 
4056 4343 4344 4057 
4057 4344 4345 4058 
4058 4345 4386 4099 
4059 4100 4387 4346 
4099 4386 4427 4140 
4100 4141 4428 4387 
4140 4427 4468 4181 
4141 4182 4469 4428 
4181 4468 4509 4222 
4182 4223 4510 4469 
4222 4509 4550 4263 
4264 4265 4552 4551 
4223 4264 4551 4510 
4265 4266 4553 4552 
4266 4267 4554 4553 
4267 4268 4555 4554 
4268 4269 4556 4555 
4269 4270 4557 4556 
4270 4271 4558 4557 
4271 4272 4559 4558 
4272 4273 4560 4559 
4273 4274 4561 4560 
4274 4275 4562 4561 
4275 4276 4563 4562 
4276 4277 4564 4563 
4277 4278 4565 4564 
4278 4279 4566 4565 
4279 4280 4567 4566 
4280 4281 4568 4567 
4281 4282 4569 4568 
4282 4283 4570 4569 
4283 4284 4571 4570 
4284 4285 4572 4571 
4285 4286 4573 4572 
4286 4287 4574 4573 
4287 4288 4575 4574 
4288 4289 4576 4575 
4289 4290 4577 4576 
4290 4291 4578 4577 
4291 4292 4579 4578 
4292 4293 4580 4579 
4293 4294 4581 4580 
4294 4295 4582 4581 
4295 4296 4583 4582 
4296 4297 4584 4583 
4297 4298 4585 4584 
4298 4299 4586 4585 
4299 4300 4587 4586 
4300 4301 4588 4587 
4301 4302 4589 4588 
4302 4303 4590 4589 
4303 4304 4591 4590 
4263 4550 4591 4304 
4305 4592 4593 4306 
4305 4346 4633 4592 
4306 4593 4594 4307 
4307 4594 4595 4308 
4308 4595 4596 4309 
4309 4596 4597 4310 
4310 4597 4598 4311 
4311 4598 4599 4312 
4312 4599 4600 4313 
4313 4600 4601 4314 
4314 4601 4602 4315 
4315 4602 4603 4316 
4316 4603 4604 4317 
4317 4604 4605 4318 
4318 4605 4606 4319 
4319 4606 4607 4320 
4320 4607 4608 4321 
4321 4608 4609 4322 
4322 4609 4610 4323 
4323 4610 4611 4324 
4324 4611 4612 4325 
4325 4612 4613 4326 
4326 4613 4614 4327 
4327 4614 4615 4328 
4328 4615 4616 4329 
4329 4616 4617 4330 
4330 4617 4618 4331 
4331 4618 4619 4332 
4332 4619 4620 4333 
4333 4620 4621 4334 
4334 4621 4622 4335 
4335 4622 4623 4336 
4336 4623 4624 4337 
4337 4624 4625 4338 
4338 4625 4626 4339 
4339 4626 4627 4340 
4340 4627 4628 4341 
4341 4628 4629 4342 
4342 4629 4630 4343 
4343 4630 4631 4344 
4344 4631 4632 4345 
4345 4632 4673 4386 
4346 4387 4674 4633 
4386 4673 4714 4427 
4387 4428 4715 4674 
4427 4714 4755 4468 
4428 4469 4756 4715 
4468 4755 4796 4509 
4469 4510 4797 4756 
4509 4796 4837 4550 
4551 4552 4839 4838 
4510 4551 4838 4797 
4552 4553 4840 4839 
4553 4554 4841 4840 
4554 4555 4842 4841 
4555 4556 4843 4842 
4556 4557 4844 4843 
4557 4558 4845 4844 
4558 4559 4846 4845 
4559 4560 4847 4846 
4560 4561 4848 4847 
4561 4562 4849 4848 
4562 4563 4850 4849 
4563 4564 4851 4850 
4564 4565 4852 4851 
4565 4566 4853 4852 
4566 4567 4854 4853 
4567 4568 4855 4854 
4568 4569 4856 4855 
4569 4570 4857 4856 
4570 4571 4858 4857 
4571 4572 4859 4858 
4572 4573 4860 4859 
4573 4574 4861 4860 
4574 4575 4862 4861 
4575 4576 4863 4862 
4576 4577 4864 4863 
4577 4578 4865 4864 
4578 4579 4866 4865 
4579 4580 4867 4866 
4580 4581 4868 4867 
4581 4582 4869 4868 
4582 4583 4870 4869 
4583 4584 4871 4870 
4584 4585 4872 4871 
4585 4586 4873 4872 
4586 4587 4874 4873 
4587 4588 4875 4874 
4588 4589 4876 4875 
4589 4590 4877 4876 
4590 4591 4878 4877 
4550 4837 4878 4591 
4592 4879 4880 4593 
4592 4633 4920 4879 
4593 4880 4881 4594 
4594 4881 4882 4595 
4595 4882 4883 4596 
4596 4883 4884 4597 
4597 4884 4885 4598 
4598 4885 4886 4599 
4599 4886 4887 4600 
4600 4887 4888 4601 
4601 4888 4889 4602 
4602 4889 4890 4603 
4603 4890 4891 4604 
4604 4891 4892 4605 
4605 4892 4893 4606 
4606 4893 4894 4607 
4607 4894 4895 4608 
4608 4895 4896 4609 
4609 4896 4897 4610 
4610 4897 4898 4611 
4611 4898 4899 4612 
4612 4899 4900 4613 
4613 4900 4901 4614 
4614 4901 4902 4615 
4615 4902 4903 4616 
4616 4903 4904 4617 
4617 4904 4905 4618 
4618 4905 4906 4619 
4619 4906 4907 4620 
4620 4907 4908 4621 
4621 4908 4909 4622 
4622 4909 4910 4623 
4623 4910 4911 4624 
4624 4911 4912 4625 
4625 4912 4913 4626 
4626 4913 4914 4627 
4627 4914 4915 4628 
4628 4915 4916 4629 
4629 4916 4917 4630 
4630 4917 4918 4631 
4631 4918 4919 4632 
4632 4919 4960 4673 
4633 4674 4961 4920 
4673 4960 5001 4714 
4674 4715 5002 4961 
4714 5001 5042 4755 
4715 4756 5043 5002 
4755 5042 5083 4796 
4756 4797 5084 5043 
4796 5083 5124 4837 
4838 4839 5126 5125 
4797 4838 5125 5084 
4839 4840 5127 5126 
4840 4841 5128 5127 
4841 4842 5129 5128 
4842 4843 5130 5129 
4843 4844 5131 5130 
4844 4845 5132 5131 
4845 4846 5133 5132 
4846 4847 5134 5133 
4847 4848 5135 5134 
4848 4849 5136 5135 
4849 4850 5137 5136 
4850 4851 5138 5137 
4851 4852 5139 5138 
4852 4853 5140 5139 
4853 4854 5141 5140 
4854 4855 5142 5141 
4855 4856 5143 5142 
4856 4857 5144 5143 
4857 4858 5145 5144 
4858 4859 5146 5145 
4859 4860 5147 5146 
4860 4861 5148 5147 
4861 4862 5149 5148 
4862 4863 5150 5149 
4863 4864 5151 5150 
4864 4865 5152 5151 
4865 4866 5153 5152 
4866 4867 5154 5153 
4867 4868 5155 5154 
4868 4869 5156 5155 
4869 4870 5157 5156 
4870 4871 5158 5157 
4871 4872 5159 5158 
4872 4873 5160 5159 
4873 4874 5161 5160 
4874 4875 5162 5161 
4875 4876 5163 5162 
4876 4877 5164 5163 
4877 4878 5165 5164 
4837 5124 5165 4878 
4879 5166 5167 4880 
4879 4920 5207 5166 
4880 5167 5168 4881 
4881 5168 5169 4882 
4882 5169 5170 4883 
4883 5170 5171 4884 
4884 5171 5172 4885 
4885 5172 5173 4886 
4886 5173 5174 4887 
4887 5174 5175 4888 
4888 5175 5176 4889 
4889 5176 5177 4890 
4890 5177 5178 4891 
4891 5178 5179 4892 
4892 5179 5180 4893 
4893 5180 5181 4894 
4894 5181 5182 4895 
4895 5182 5183 4896 
4896 5183 5184 4897 
4897 5184 5185 4898 
4898 5185 5186 4899 
4899 5186 5187 4900 
4900 5187 5188 4901 
4901 5188 5189 4902 
4902 5189 5190 4903 
4903 5190 5191 4904 
4904 5191 5192 4905 
4905 5192 5193 4906 
4906 5193 5194 4907 
4907 5194 5195 4908 
4908 5195 5196 4909 
4909 5196 5197 4910 
4910 5197 5198 4911 
4911 5198 5199 4912 
4912 5199 5200 4913 
4913 5200 5201 4914 
4914 5201 5202 4915 
4915 5202 5203 4916 
4916 5203 5204 4917 
4917 5204 5205 4918 
4918 5205 5206 4919 
4919 5206 5247 4960 
4920 4961 5248 5207 
4960 5247 5288 5001 
4961 5002 5289 5248 
5001 5288 5329 5042 
5002 5043 5330 5289 
5042 5329 5370 5083 
5043 5084 5371 5330 
5083 5370 5411 5124 
5125 5126 5413 5412 
5084 5125 5412 5371 
5126 5127 5414 5413 
5127 5128 5415 5414 
5128 5129 5416 5415 
5129 5130 5417 5416 
5130 5131 5418 5417 
5131 5132 5419 5418 
5132 5133 5420 5419 
5133 5134 5421 5420 
5134 5135 5422 5421 
5135 5136 5423 5422 
5136 5137 5424 5423 
5137 5138 5425 5424 
5138 5139 5426 5425 
5139 5140 5427 5426 
5140 5141 5428 5427 
5141 5142 5429 5428 
5142 5143 5430 5429 
5143 5144 5431 5430 
5144 5145 5432 5431 
5145 5146 5433 5432 
5146 5147 5434 5433 
5147 5148 5435 5434 
5148 5149 5436 5435 
5149 5150 5437 5436 
5150 5151 5438 5437 
5151 5152 5439 5438 
5152 5153 5440 5439 
5153 5154 5441 5440 
5154 5155 5442 5441 
5155 5156 5443 5442 
5156 5157 5444 5443 
5157 5158 5445 5444 
5158 5159 5446 5445 
5159 5160 5447 5446 
5160 5161 5448 5447 
5161 5162 5449 5448 
5162 5163 5450 5449 
5163 5164 5451 5450 
5164 5165 5452 5451 
5124 5411 5452 5165 
5166 5453 5454 5167 
5166 5207 5494 5453 
5167 5454 5455 5168 
5168 5455 5456 5169 
5169 5456 5457 5170 
5170 5457 5458 5171 
5171 5458 5459 5172 
5172 5459 5460 5173 
5173 5460 5461 5174 
5174 5461 5462 5175 
5175 5462 5463 5176 
5176 5463 5464 5177 
5177 5464 5465 5178 
5178 5465 5466 5179 
5179 5466 5467 5180 
5180 5467 5468 5181 
5181 5468 5469 5182 
5182 5469 5470 5183 
5183 5470 5471 5184 
5184 5471 5472 5185 
5185 5472 5473 5186 
5186 5473 5474 5187 
5187 5474 5475 5188 
5188 5475 5476 5189 
5189 5476 5477 5190 
5190 5477 5478 5191 
5191 5478 5479 5192 
5192 5479 5480 5193 
5193 5480 5481 5194 
5194 5481 5482 5195 
5195 5482 5483 5196 
5196 5483 5484 5197 
5197 5484 5485 5198 
5198 5485 5486 5199 
5199 5486 5487 5200 
5200 5487 5488 5201 
5201 5488 5489 5202 
5202 5489 5490 5203 
5203 5490 5491 5204 
5204 5491 5492 5205 
5205 5492 5493 5206 
5206 5493 5534 5247 
5207 5248 5535 5494 
5247 5534 5575 5288 
5248 5289 5576 5535 
5288 5575 5616 5329 
5289 5330 5617 5576 
5329 5616 5657 5370 
5330 5371 5658 5617 
5370 5657 5698 5411 
5412 5413 5700 5699 
5371 5412 5699 5658 
5413 5414 5701 5700 
5414 5415 5702 5701 
5415 5416 5703 5702 
5416 5417 5704 5703 
5417 5418 5705 5704 
5418 5419 5706 5705 
5419 5420 5707 5706 
5420 5421 5708 5707 
5421 5422 5709 5708 
5422 5423 5710 5709 
5423 5424 5711 5710 
5424 5425 5712 5711 
5425 5426 5713 5712 
5426 5427 5714 5713 
5427 5428 5715 5714 
5428 5429 5716 5715 
5429 5430 5717 5716 
5430 5431 5718 5717 
5431 5432 5719 5718 
5432 5433 5720 5719 
5433 5434 5721 5720 
5434 5435 5722 5721 
5435 5436 5723 5722 
5436 5437 5724 5723 
5437 5438 5725 5724 
5438 5439 5726 5725 
5439 5440 5727 5726 
5440 5441 5728 5727 
5441 5442 5729 5728 
5442 5443 5730 5729 
5443 5444 5731 5730 
5444 5445 5732 5731 
5445 5446 5733 5732 
5446 5447 5734 5733 
5447 5448 5735 5734 
5448 5449 5736 5735 
5449 5450 5737 5736 
5450 5451 5738 5737 
5451 5452 5739 5738 
5411 5698 5739 5452 
5453 5740 5741 5454 
5453 5494 5781 5740 
5454 5741 5742 5455 
5455 5742 5743 5456 
5456 5743 5744 5457 
5457 5744 5745 5458 
5458 5745 5746 5459 
5459 5746 5747 5460 
5460 5747 5748 5461 
5461 5748 5749 5462 
5462 5749 5750 5463 
5463 5750 5751 5464 
5464 5751 5752 5465 
5465 5752 5753 5466 
5466 5753 5754 5467 
5467 5754 5755 5468 
5468 5755 5756 5469 
5469 5756 5757 5470 
5470 5757 5758 5471 
5471 5758 5759 5472 
5472 5759 5760 5473 
5473 5760 5761 5474 
5474 5761 5762 5475 
5475 5762 5763 5476 
5476 5763 5764 5477 
5477 5764 5765 5478 
5478 5765 5766 5479 
5479 5766 5767 5480 
5480 5767 5768 5481 
5481 5768 5769 5482 
5482 5769 5770 5483 
5483 5770 5771 5484 
5484 5771 5772 5485 
5485 5772 5773 5486 
5486 5773 5774 5487 
5487 5774 5775 5488 
5488 5775 5776 5489 
5489 5776 5777 5490 
5490 5777 5778 5491 
5491 5778 5779 5492 
5492 5779 5780 5493 
5493 5780 5821 5534 
5494 5535 5822 5781 
5534 5821 5862 5575 
5535 5576 5863 5822 
5575 5862 5903 5616 
5576 5617 5904 5863 
5616 5903 5944 5657 
5617 5658 5945 5904 
5657 5944 5985 5698 
5699 5700 5987 5986 
5658 5699 5986 5945 
5700 5701 5988 5987 
5701 5702 5989 5988 
5702 5703 5990 5989 
5703 5704 5991 5990 
5704 5705 5992 5991 
5705 5706 5993 5992 
5706 5707 5994 5993 
5707 5708 5995 5994 
5708 5709 5996 5995 
5709 5710 5997 5996 
5710 5711 5998 5997 
5711 5712 5999 5998 
5712 5713 6000 5999 
5713 5714 6001 6000 
5714 5715 6002 6001 
5715 5716 6003 6002 
5716 5717 6004 6003 
5717 5718 6005 6004 
5718 5719 6006 6005 
5719 5720 6007 6006 
5720 5721 6008 6007 
5721 5722 6009 6008 
5722 5723 6010 6009 
5723 5724 6011 6010 
5724 5725 6012 6011 
5725 5726 6013 6012 
5726 5727 6014 6013 
5727 5728 6015 6014 
5728 5729 6016 6015 
5729 5730 6017 6016 
5730 5731 6018 6017 
5731 5732 6019 6018 
5732 5733 6020 6019 
5733 5734 6021 6020 
5734 5735 6022 6021 
5735 5736 6023 6022 
5736 5737 6024 6023 
5737 5738 6025 6024 
5738 5739 6026 6025 
5698 5985 6026 5739 
5740 6027 6028 5741 
5740 5781 6068 6027 
5741 6028 6029 5742 
5742 6029 6030 5743 
5743 6030 6031 5744 
5744 6031 6032 5745 
5745 6032 6033 5746 
5746 6033 6034 5747 
5747 6034 6035 5748 
5748 6035 6036 5749 
5749 6036 6037 5750 
5750 6037 6038 5751 
5751 6038 6039 5752 
5752 6039 6040 5753 
5753 6040 6041 5754 
5754 6041 6042 5755 
5755 6042 6043 5756 
5756 6043 6044 5757 
5757 6044 6045 5758 
5758 6045 6046 5759 
5759 6046 6047 5760 
5760 6047 6048 5761 
5761 6048 6049 5762 
5762 6049 6050 5763 
5763 6050 6051 5764 
5764 6051 6052 5765 
5765 6052 6053 5766 
5766 6053 6054 5767 
5767 6054 6055 5768 
5768 6055 6056 5769 
5769 6056 6057 5770 
5770 6057 6058 5771 
5771 6058 6059 5772 
5772 6059 6060 5773 
5773 6060 6061 5774 
5774 6061 6062 5775 
5775 6062 6063 5776 
5776 6063 6064 5777 
5777 6064 6065 5778 
5778 6065 6066 5779 
5779 6066 6067 5780 
5780 6067 6108 5821 
5781 5822 6109 6068 
5821 6108 6149 5862 
5822 5863 6150 6109 
5862 6149 6190 5903 
5863 5904 6191 6150 
5903 6190 6231 5944 
5904 5945 6232 6191 
5944 6231 6272 5985 
5986 5987 6274 6273 
5945 5986 6273 6232 
5987 5988 6275 6274 
5988 5989 6276 6275 
5989 5990 6277 6276 
5990 5991 6278 6277 
5991 5992 6279 6278 
5992 5993 6280 6279 
5993 5994 6281 6280 
5994 5995 6282 6281 
5995 5996 6283 6282 
5996 5997 6284 6283 
5997 5998 6285 6284 
5998 5999 6286 6285 
5999 6000 6287 6286 
6000 6001 6288 6287 
6001 6002 6289 6288 
6002 6003 6290 6289 
6003 6004 6291 6290 
6004 6005 6292 6291 
6005 6006 6293 6292 
6006 6007 6294 6293 
6007 6008 6295 6294 
6008 6009 6296 6295 
6009 6010 6297 6296 
6010 6011 6298 6297 
6011 6012 6299 6298 
6012 6013 6300 6299 
6013 6014 6301 6300 
6014 6015 6302 6301 
6015 6016 6303 6302 
6016 6017 6304 6303 
6017 6018 6305 6304 
6018 6019 6306 6305 
6019 6020 6307 6306 
6020 6021 6308 6307 
6021 6022 6309 6308 
6022 6023 6310 6309 
6023 6024 6311 6310 
6024 6025 6312 6311 
6025 6026 6313 6312 
5985 6272 6313 6026 
6027 6314 6315 6028 
6027 6068 6355 6314 
6028 6315 6316 6029 
6029 6316 6317 6030 
6030 6317 6318 6031 
6031 6318 6319 6032 
6032 6319 6320 6033 
6033 6320 6321 6034 
6034 6321 6322 6035 
6035 6322 6323 6036 
6036 6323 6324 6037 
6037 6324 6325 6038 
6038 6325 6326 6039 
6039 6326 6327 6040 
6040 6327 6328 6041 
6041 6328 6329 6042 
6042 6329 6330 6043 
6043 6330 6331 6044 
6044 6331 6332 6045 
6045 6332 6333 6046 
6046 6333 6334 6047 
6047 6334 6335 6048 
6048 6335 6336 6049 
6049 6336 6337 6050 
6050 6337 6338 6051 
6051 6338 6339 6052 
6052 6339 6340 6053 
6053 6340 6341 6054 
6054 6341 6342 6055 
6055 6342 6343 6056 
6056 6343 6344 6057 
6057 6344 6345 6058 
6058 6345 6346 6059 
6059 6346 6347 6060 
6060 6347 6348 6061 
6061 6348 6349 6062 
6062 6349 6350 6063 
6063 6350 6351 6064 
6064 6351 6352 6065 
6065 6352 6353 6066 
6066 6353 6354 6067 
6067 6354 6395 6108 
6068 6109 6396 6355 
6108 6395 6436 6149 
6109 6150 6437 6396 
6149 6436 6477 6190 
6150 6191 6478 6437 
6190 6477 6518 6231 
6191 6232 6519 6478 
6231 6518 6559 6272 
6273 6274 6561 6560 
6232 6273 6560 6519 
6274 6275 6562 6561 
6275 6276 6563 6562 
6276 6277 6564 6563 
6277 6278 6565 6564 
6278 6279 6566 6565 
6279 6280 6567 6566 
6280 6281 6568 6567 
6281 6282 6569 6568 
6282 6283 6570 6569 
6283 6284 6571 6570 
6284 6285 6572 6571 
6285 6286 6573 6572 
6286 6287 6574 6573 
6287 6288 6575 6574 
6288 6289 6576 6575 
6289 6290 6577 6576 
6290 6291 6578 6577 
6291 6292 6579 6578 
6292 6293 6580 6579 
6293 6294 6581 6580 
6294 6295 6582 6581 
6295 6296 6583 6582 
6296 6297 6584 6583 
6297 6298 6585 6584 
6298 6299 6586 6585 
6299 6300 6587 6586 
6300 6301 6588 6587 
6301 6302 6589 6588 
6302 6303 6590 6589 
6303 6304 6591 6590 
6304 6305 6592 6591 
6305 6306 6593 6592 
6306 6307 6594 6593 
6307 6308 6595 6594 
6308 6309 6596 6595 
6309 6310 6597 6596 
6310 6311 6598 6597 
6311 6312 6599 6598 
6312 6313 6600 6599 
6272 6559 6600 6313 
6314 6601 6602 6315 
6314 6355 6642 6601 
6315 6602 6603 6316 
6316 6603 6604 6317 
6317 6604 6605 6318 
6318 6605 6606 6319 
6319 6606 6607 6320 
6320 6607 6608 6321 
6321 6608 6609 6322 
6322 6609 6610 6323 
6323 6610 6611 6324 
6324 6611 6612 6325 
6325 6612 6613 6326 
6326 6613 6614 6327 
6327 6614 6615 6328 
6328 6615 6616 6329 
6329 6616 6617 6330 
6330 6617 6618 6331 
6331 6618 6619 6332 
6332 6619 6620 6333 
6333 6620 6621 6334 
6334 6621 6622 6335 
6335 6622 6623 6336 
6336 6623 6624 6337 
6337 6624 6625 6338 
6338 6625 6626 6339 
6339 6626 6627 6340 
6340 6627 6628 6341 
6341 6628 6629 6342 
6342 6629 6630 6343 
6343 6630 6631 6344 
6344 6631 6632 6345 
6345 6632 6633 6346 
6346 6633 6634 6347 
6347 6634 6635 6348 
6348 6635 6636 6349 
6349 6636 6637 6350 
6350 6637 6638 6351 
6351 6638 6639 6352 
6352 6639 6640 6353 
6353 6640 6641 6354 
6354 6641 6682 6395 
6355 6396 6683 6642 
6395 6682 6723 6436 
6396 6437 6724 6683 
6436 6723 6764 6477 
6437 6478 6765 6724 
6477 6764 6805 6518 
6478 6519 6806 6765 
6518 6805 6846 6559 
6560 6561 6848 6847 
6519 6560 6847 6806 
6561 6562 6849 6848 
6562 6563 6850 6849 
6563 6564 6851 6850 
6564 6565 6852 6851 
6565 6566 6853 6852 
6566 6567 6854 6853 
6567 6568 6855 6854 
6568 6569 6856 6855 
6569 6570 6857 6856 
6570 6571 6858 6857 
6571 6572 6859 6858 
6572 6573 6860 6859 
6573 6574 6861 6860 
6574 6575 6862 6861 
6575 6576 6863 6862 
6576 6577 6864 6863 
6577 6578 6865 6864 
6578 6579 6866 6865 
6579 6580 6867 6866 
6580 6581 6868 6867 
6581 6582 6869 6868 
6582 6583 6870 6869 
6583 6584 6871 6870 
6584 6585 6872 6871 
6585 6586 6873 6872 
6586 6587 6874 6873 
6587 6588 6875 6874 
6588 6589 6876 6875 
6589 6590 6877 6876 
6590 6591 6878 6877 
6591 6592 6879 6878 
6592 6593 6880 6879 
6593 6594 6881 6880 
6594 6595 6882 6881 
6595 6596 6883 6882 
6596 6597 6884 6883 
6597 6598 6885 6884 
6598 6599 6886 6885 
6599 6600 6887 6886 
6559 6846 6887 6600 
6601 6888 6889 6602 
6601 6642 6929 6888 
6602 6889 6890 6603 
6603 6890 6891 6604 
6604 6891 6892 6605 
6605 6892 6893 6606 
6606 6893 6894 6607 
6607 6894 6895 6608 
6608 6895 6896 6609 
6609 6896 6897 6610 
6610 6897 6898 6611 
6611 6898 6899 6612 
6612 6899 6900 6613 
6613 6900 6901 6614 
6614 6901 6902 6615 
6615 6902 6903 6616 
6616 6903 6904 6617 
6617 6904 6905 6618 
6618 6905 6906 6619 
6619 6906 6907 6620 
6620 6907 6908 6621 
6621 6908 6909 6622 
6622 6909 6910 6623 
6623 6910 6911 6624 
6624 6911 6912 6625 
6625 6912 6913 6626 
6626 6913 6914 6627 
6627 6914 6915 6628 
6628 6915 6916 6629 
6629 6916 6917 6630 
6630 6917 6918 6631 
6631 6918 6919 6632 
6632 6919 6920 6633 
6633 6920 6921 6634 
6634 6921 6922 6635 
6635 6922 6923 6636 
6636 6923 6924 6637 
6637 6924 6925 6638 
6638 6925 6926 6639 
6639 6926 6927 6640 
6640 6927 6928 6641 
6641 6928 6969 6682 
6642 6683 6970 6929 
6682 6969 7010 6723 
6683 6724 7011 6970 
6723 7010 7051 6764 
6724 6765 7052 7011 
6764 7051 7092 6805 
6765 6806 7093 7052 
6805 7092 7133 6846 
6847 6848 7135 7134 
6806 6847 7134 7093 
6848 6849 7136 7135 
6849 6850 7137 7136 
6850 6851 7138 7137 
6851 6852 7139 7138 
6852 6853 7140 7139 
6853 6854 7141 7140 
6854 6855 7142 7141 
6855 6856 7143 7142 
6856 6857 7144 7143 
6857 6858 7145 7144 
6858 6859 7146 7145 
6859 6860 7147 7146 
6860 6861 7148 7147 
6861 6862 7149 7148 
6862 6863 7150 7149 
6863 6864 7151 7150 
6864 6865 7152 7151 
6865 6866 7153 7152 
6866 6867 7154 7153 
6867 6868 7155 7154 
6868 6869 7156 7155 
6869 6870 7157 7156 
6870 6871 7158 7157 
6871 6872 7159 7158 
6872 6873 7160 7159 
6873 6874 7161 7160 
6874 6875 7162 7161 
6875 6876 7163 7162 
6876 6877 7164 7163 
6877 6878 7165 7164 
6878 6879 7166 7165 
6879 6880 7167 7166 
6880 6881 7168 7167 
6881 6882 7169 7168 
6882 6883 7170 7169 
6883 6884 7171 7170 
6884 6885 7172 7171 
6885 6886 7173 7172 
6886 6887 7174 7173 
6846 7133 7174 6887 
6888 7175 7176 6889 
6888 6929 7216 7175 
6889 7176 7177 6890 
6890 7177 7178 6891 
6891 7178 7179 6892 
6892 7179 7180 6893 
6893 7180 7181 6894 
6894 7181 7182 6895 
6895 7182 7183 6896 
6896 7183 7184 6897 
6897 7184 7185 6898 
6898 7185 7186 6899 
6899 7186 7187 6900 
6900 7187 7188 6901 
6901 7188 7189 6902 
6902 7189 7190 6903 
6903 7190 7191 6904 
6904 7191 7192 6905 
6905 7192 7193 6906 
6906 7193 7194 6907 
6907 7194 7195 6908 
6908 7195 7196 6909 
6909 7196 7197 6910 
6910 7197 7198 6911 
6911 7198 7199 6912 
6912 7199 7200 6913 
6913 7200 7201 6914 
6914 7201 7202 6915 
6915 7202 7203 6916 
6916 7203 7204 6917 
6917 7204 7205 6918 
6918 7205 7206 6919 
6919 7206 7207 6920 
6920 7207 7208 6921 
6921 7208 7209 6922 
6922 7209 7210 6923 
6923 7210 7211 6924 
6924 7211 7212 6925 
6925 7212 7213 6926 
6926 7213 7214 6927 
6927 7214 7215 6928 
6928 7215 7256 6969 
6929 6970 7257 7216 
6969 7256 7297 7010 
6970 7011 7298 7257 
7010 7297 7338 7051 
7011 7052 7339 7298 
7051 7338 7379 7092 
7052 7093 7380 7339 
7092 7379 7420 7133 
7134 7135 7422 7421 
7093 7134 7421 7380 
7135 7136 7423 7422 
7136 7137 7424 7423 
7137 7138 7425 7424 
7138 7139 7426 7425 
7139 7140 7427 7426 
7140 7141 7428 7427 
7141 7142 7429 7428 
7142 7143 7430 7429 
7143 7144 7431 7430 
7144 7145 7432 7431 
7145 7146 7433 7432 
7146 7147 7434 7433 
7147 7148 7435 7434 
7148 7149 7436 7435 
7149 7150 7437 7436 
7150 7151 7438 7437 
7151 7152 7439 7438 
7152 7153 7440 7439 
7153 7154 7441 7440 
7154 7155 7442 7441 
7155 7156 7443 7442 
7156 7157 7444 7443 
7157 7158 7445 7444 
7158 7159 7446 7445 
7159 7160 7447 7446 
7160 7161 7448 7447 
7161 7162 7449 7448 
7162 7163 7450 7449 
7163 7164 7451 7450 
7164 7165 7452 7451 
7165 7166 7453 7452 
7166 7167 7454 7453 
7167 7168 7455 7454 
7168 7169 7456 7455 
7169 7170 7457 7456 
7170 7171 7458 7457 
7171 7172 7459 7458 
7172 7173 7460 7459 
7173 7174 7461 7460 
7133 7420 7461 7174 
7175 7462 7463 7176 
7175 7216 7503 7462 
7176 7463 7464 7177 
7177 7464 7465 7178 
7178 7465 7466 7179 
7179 7466 7467 7180 
7180 7467 7468 7181 
7181 7468 7469 7182 
7182 7469 7470 7183 
7183 7470 7471 7184 
7184 7471 7472 7185 
7185 7472 7473 7186 
7186 7473 7474 7187 
7187 7474 7475 7188 
7188 7475 7476 7189 
7189 7476 7477 7190 
7190 7477 7478 7191 
7191 7478 7479 7192 
7192 7479 7480 7193 
7193 7480 7481 7194 
7194 7481 7482 7195 
7195 7482 7483 7196 
7196 7483 7484 7197 
7197 7484 7485 7198 
7198 7485 7486 7199 
7199 7486 7487 7200 
7200 7487 7488 7201 
7201 7488 7489 7202 
7202 7489 7490 7203 
7203 7490 7491 7204 
7204 7491 7492 7205 
7205 7492 7493 7206 
7206 7493 7494 7207 
7207 7494 7495 7208 
7208 7495 7496 7209 
7209 7496 7497 7210 
7210 7497 7498 7211 
7211 7498 7499 7212 
7212 7499 7500 7213 
7213 7500 7501 7214 
7214 7501 7502 7215 
7215 7502 7543 7256 
7216 7257 7544 7503 
7256 7543 7584 7297 
7257 7298 7585 7544 
7297 7584 7625 7338 
7298 7339 7626 7585 
7338 7625 7666 7379 
7339 7380 7667 7626 
7379 7666 7707 7420 
7421 7422 7709 7708 
7380 7421 7708 7667 
7422 7423 7710 7709 
7423 7424 7711 7710 
7424 7425 7712 7711 
7425 7426 7713 7712 
7426 7427 7714 7713 
7427 7428 7715 7714 
7428 7429 7716 7715 
7429 7430 7717 7716 
7430 7431 7718 7717 
7431 7432 7719 7718 
7432 7433 7720 7719 
7433 7434 7721 7720 
7434 7435 7722 7721 
7435 7436 7723 7722 
7436 7437 7724 7723 
7437 7438 7725 7724 
7438 7439 7726 7725 
7439 7440 7727 7726 
7440 7441 7728 7727 
7441 7442 7729 7728 
7442 7443 7730 7729 
7443 7444 7731 7730 
7444 7445 7732 7731 
7445 7446 7733 7732 
7446 7447 7734 7733 
7447 7448 7735 7734 
7448 7449 7736 7735 
7449 7450 7737 7736 
7450 7451 7738 7737 
7451 7452 7739 7738 
7452 7453 7740 7739 
7453 7454 7741 7740 
7454 7455 7742 7741 
7455 7456 7743 7742 
7456 7457 7744 7743 
7457 7458 7745 7744 
7458 7459 7746 7745 
7459 7460 7747 7746 
7460 7461 7748 7747 
7420 7707 7748 7461 
7462 7749 7750 7463 
7462 7503 7790 7749 
7463 7750 7751 7464 
7464 7751 7752 7465 
7465 7752 7753 7466 
7466 7753 7754 7467 
7467 7754 7755 7468 
7468 7755 7756 7469 
7469 7756 7757 7470 
7470 7757 7758 7471 
7471 7758 7759 7472 
7472 7759 7760 7473 
7473 7760 7761 7474 
7474 7761 7762 7475 
7475 7762 7763 7476 
7476 7763 7764 7477 
7477 7764 7765 7478 
7478 7765 7766 7479 
7479 7766 7767 7480 
7480 7767 7768 7481 
7481 7768 7769 7482 
7482 7769 7770 7483 
7483 7770 7771 7484 
7484 7771 7772 7485 
7485 7772 7773 7486 
7486 7773 7774 7487 
7487 7774 7775 7488 
7488 7775 7776 7489 
7489 7776 7777 7490 
7490 7777 7778 7491 
7491 7778 7779 7492 
7492 7779 7780 7493 
7493 7780 7781 7494 
7494 7781 7782 7495 
7495 7782 7783 7496 
7496 7783 7784 7497 
7497 7784 7785 7498 
7498 7785 7786 7499 
7499 7786 7787 7500 
7500 7787 7788 7501 
7501 7788 7789 7502 
7502 7789 7830 7543 
7503 7544 7831 7790 
7543 7830 7871 7584 
7544 7585 7872 7831 
7584 7871 7912 7625 
7585 7626 7913 7872 
7625 7912 7953 7666 
7626 7667 7954 7913 
7666 7953 7994 7707 
7708 7709 7996 7995 
7667 7708 7995 7954 
7709 7710 7997 7996 
7710 7711 7998 7997 
7711 7712 7999 7998 
7712 7713 8000 7999 
7713 7714 8001 8000 
7714 7715 8002 8001 
7715 7716 8003 8002 
7716 7717 8004 8003 
7717 7718 8005 8004 
7718 7719 8006 8005 
7719 7720 8007 8006 
7720 7721 8008 8007 
7721 7722 8009 8008 
7722 7723 8010 8009 
7723 7724 8011 8010 
7724 7725 8012 8011 
7725 7726 8013 8012 
7726 7727 8014 8013 
7727 7728 8015 8014 
7728 7729 8016 8015 
7729 7730 8017 8016 
7730 7731 8018 8017 
7731 7732 8019 8018 
7732 7733 8020 8019 
7733 7734 8021 8020 
7734 7735 8022 8021 
7735 7736 8023 8022 
7736 7737 8024 8023 
7737 7738 8025 8024 
7738 7739 8026 8025 
7739 7740 8027 8026 
7740 7741 8028 8027 
7741 7742 8029 8028 
7742 7743 8030 8029 
7743 7744 8031 8030 
7744 7745 8032 8031 
7745 7746 8033 8032 
7746 7747 8034 8033 
7747 7748 8035 8034 
7707 7994 8035 7748 
7749 8036 8037 7750 
7749 7790 8077 8036 
7750 8037 8038 7751 
7751 8038 8039 7752 
7752 8039 8040 7753 
7753 8040 8041 7754 
7754 8041 8042 7755 
7755 8042 8043 7756 
7756 8043 8044 7757 
7757 8044 8045 7758 
7758 8045 8046 7759 
7759 8046 8047 7760 
7760 8047 8048 7761 
7761 8048 8049 7762 
7762 8049 8050 7763 
7763 8050 8051 7764 
7764 8051 8052 7765 
7765 8052 8053 7766 
7766 8053 8054 7767 
7767 8054 8055 7768 
7768 8055 8056 7769 
7769 8056 8057 7770 
7770 8057 8058 7771 
7771 8058 8059 7772 
7772 8059 8060 7773 
7773 8060 8061 7774 
7774 8061 8062 7775 
7775 8062 8063 7776 
7776 8063 8064 7777 
7777 8064 8065 7778 
7778 8065 8066 7779 
7779 8066 8067 7780 
7780 8067 8068 7781 
7781 8068 8069 7782 
7782 8069 8070 7783 
7783 8070 8071 7784 
7784 8071 8072 7785 
7785 8072 8073 7786 
7786 8073 8074 7787 
7787 8074 8075 7788 
7788 8075 8076 7789 
7789 8076 8117 7830 
7790 7831 8118 8077 
7830 8117 8158 7871 
7831 7872 8159 8118 
7871 8158 8199 7912 
7872 7913 8200 8159 
7912 8199 8240 7953 
7913 7954 8241 8200 
7953 8240 8281 7994 
7995 7996 8283 8282 
7954 7995 8282 8241 
7996 7997 8284 8283 
7997 7998 8285 8284 
7998 7999 8286 8285 
7999 8000 8287 8286 
8000 8001 8288 8287 
8001 8002 8289 8288 
8002 8003 8290 8289 
8003 8004 8291 8290 
8004 8005 8292 8291 
8005 8006 8293 8292 
8006 8007 8294 8293 
8007 8008 8295 8294 
8008 8009 8296 8295 
8009 8010 8297 8296 
8010 8011 8298 8297 
8011 8012 8299 8298 
8012 8013 8300 8299 
8013 8014 8301 8300 
8014 8015 8302 8301 
8015 8016 8303 8302 
8016 8017 8304 8303 
8017 8018 8305 8304 
8018 8019 8306 8305 
8019 8020 8307 8306 
8020 8021 8308 8307 
8021 8022 8309 8308 
8022 8023 8310 8309 
8023 8024 8311 8310 
8024 8025 8312 8311 
8025 8026 8313 8312 
8026 8027 8314 8313 
8027 8028 8315 8314 
8028 8029 8316 8315 
8029 8030 8317 8316 
8030 8031 8318 8317 
8031 8032 8319 8318 
8032 8033 8320 8319 
8033 8034 8321 8320 
8034 8035 8322 8321 
7994 8281 8322 8035 
8036 8323 8324 8037 
8036 8077 8364 8323 
8037 8324 8325 8038 
8038 8325 8326 8039 
8039 8326 8327 8040 
8040 8327 8328 8041 
8041 8328 8329 8042 
8042 8329 8330 8043 
8043 8330 8331 8044 
8044 8331 8332 8045 
8045 8332 8333 8046 
8046 8333 8334 8047 
8047 8334 8335 8048 
8048 8335 8336 8049 
8049 8336 8337 8050 
8050 8337 8338 8051 
8051 8338 8339 8052 
8052 8339 8340 8053 
8053 8340 8341 8054 
8054 8341 8342 8055 
8055 8342 8343 8056 
8056 8343 8344 8057 
8057 8344 8345 8058 
8058 8345 8346 8059 
8059 8346 8347 8060 
8060 8347 8348 8061 
8061 8348 8349 8062 
8062 8349 8350 8063 
8063 8350 8351 8064 
8064 8351 8352 8065 
8065 8352 8353 8066 
8066 8353 8354 8067 
8067 8354 8355 8068 
8068 8355 8356 8069 
8069 8356 8357 8070 
8070 8357 8358 8071 
8071 8358 8359 8072 
8072 8359 8360 8073 
8073 8360 8361 8074 
8074 8361 8362 8075 
8075 8362 8363 8076 
8076 8363 8404 8117 
8077 8118 8405 8364 
8117 8404 8445 8158 
8118 8159 8446 8405 
8158 8445 8486 8199 
8159 8200 8487 8446 
8199 8486 8527 8240 
8200 8241 8528 8487 
8240 8527 8568 8281 
8282 8283 8570 8569 
8241 8282 8569 8528 
8283 8284 8571 8570 
8284 8285 8572 8571 
8285 8286 8573 8572 
8286 8287 8574 8573 
8287 8288 8575 8574 
8288 8289 8576 8575 
8289 8290 8577 8576 
8290 8291 8578 8577 
8291 8292 8579 8578 
8292 8293 8580 8579 
8293 8294 8581 8580 
8294 8295 8582 8581 
8295 8296 8583 8582 
8296 8297 8584 8583 
8297 8298 8585 8584 
8298 8299 8586 8585 
8299 8300 8587 8586 
8300 8301 8588 8587 
8301 8302 8589 8588 
8302 8303 8590 8589 
8303 8304 8591 8590 
8304 8305 8592 8591 
8305 8306 8593 8592 
8306 8307 8594 8593 
8307 8308 8595 8594 
8308 8309 8596 8595 
8309 8310 8597 8596 
8310 8311 8598 8597 
8311 8312 8599 8598 
8312 8313 8600 8599 
8313 8314 8601 8600 
8314 8315 8602 8601 
8315 8316 8603 8602 
8316 8317 8604 8603 
8317 8318 8605 8604 
8318 8319 8606 8605 
8319 8320 8607 8606 
8320 8321 8608 8607 
8321 8322 8609 8608 
8281 8568 8609 8322 
8323 8610 8611 8324 
8323 8364 8651 8610 
8324 8611 8612 8325 
8325 8612 8613 8326 
8326 8613 8614 8327 
8327 8614 8615 8328 
8328 8615 8616 8329 
8329 8616 8617 8330 
8330 8617 8618 8331 
8331 8618 8619 8332 
8332 8619 8620 8333 
8333 8620 8621 8334 
8334 8621 8622 8335 
8335 8622 8623 8336 
8336 8623 8624 8337 
8337 8624 8625 8338 
8338 8625 8626 8339 
8339 8626 8627 8340 
8340 8627 8628 8341 
8341 8628 8629 8342 
8342 8629 8630 8343 
8343 8630 8631 8344 
8344 8631 8632 8345 
8345 8632 8633 8346 
8346 8633 8634 8347 
8347 8634 8635 8348 
8348 8635 8636 8349 
8349 8636 8637 8350 
8350 8637 8638 8351 
8351 8638 8639 8352 
8352 8639 8640 8353 
8353 8640 8641 8354 
8354 8641 8642 8355 
8355 8642 8643 8356 
8356 8643 8644 8357 
8357 8644 8645 8358 
8358 8645 8646 8359 
8359 8646 8647 8360 
8360 8647 8648 8361 
8361 8648 8649 8362 
8362 8649 8650 8363 
8363 8650 8691 8404 
8364 8405 8692 8651 
8404 8691 8732 8445 
8405 8446 8733 8692 
8445 8732 8773 8486 
8446 8487 8774 8733 
8486 8773 8814 8527 
8487 8528 8815 8774 
8527 8814 8855 8568 
8569 8570 8857 8856 
8528 8569 8856 8815 
8570 8571 8858 8857 
8571 8572 8859 8858 
8572 8573 8860 8859 
8573 8574 8861 8860 
8574 8575 8862 8861 
8575 8576 8863 8862 
8576 8577 8864 8863 
8577 8578 8865 8864 
8578 8579 8866 8865 
8579 8580 8867 8866 
8580 8581 8868 8867 
8581 8582 8869 8868 
8582 8583 8870 8869 
8583 8584 8871 8870 
8584 8585 8872 8871 
8585 8586 8873 8872 
8586 8587 8874 8873 
8587 8588 8875 8874 
8588 8589 8876 8875 
8589 8590 8877 8876 
8590 8591 8878 8877 
8591 8592 8879 8878 
8592 8593 8880 8879 
8593 8594 8881 8880 
8594 8595 8882 8881 
8595 8596 8883 8882 
8596 8597 8884 8883 
8597 8598 8885 8884 
8598 8599 8886 8885 
8599 8600 8887 8886 
8600 8601 8888 8887 
8601 8602 8889 8888 
8602 8603 8890 8889 
8603 8604 8891 8890 
8604 8605 8892 8891 
8605 8606 8893 8892 
8606 8607 8894 8893 
8607 8608 8895 8894 
8608 8609 8896 8895 
8568 8855 8896 8609 
8610 8897 8898 8611 
8610 8651 8938 8897 
8611 8898 8899 8612 
8612 8899 8900 8613 
8613 8900 8901 8614 
8614 8901 8902 8615 
8615 8902 8903 8616 
8616 8903 8904 8617 
8617 8904 8905 8618 
8618 8905 8906 8619 
8619 8906 8907 8620 
8620 8907 8908 8621 
8621 8908 8909 8622 
8622 8909 8910 8623 
8623 8910 8911 8624 
8624 8911 8912 8625 
8625 8912 8913 8626 
8626 8913 8914 8627 
8627 8914 8915 8628 
8628 8915 8916 8629 
8629 8916 8917 8630 
8630 8917 8918 8631 
8631 8918 8919 8632 
8632 8919 8920 8633 
8633 8920 8921 8634 
8634 8921 8922 8635 
8635 8922 8923 8636 
8636 8923 8924 8637 
8637 8924 8925 8638 
8638 8925 8926 8639 
8639 8926 8927 8640 
8640 8927 8928 8641 
8641 8928 8929 8642 
8642 8929 8930 8643 
8643 8930 8931 8644 
8644 8931 8932 8645 
8645 8932 8933 8646 
8646 8933 8934 8647 
8647 8934 8935 8648 
8648 8935 8936 8649 
8649 8936 8937 8650 
8650 8937 8978 8691 
8651 8692 8979 8938 
8691 8978 9019 8732 
8692 8733 9020 8979 
8732 9019 9060 8773 
8733 8774 9061 9020 
8773 9060 9101 8814 
8774 8815 9102 9061 
8814 9101 9142 8855 
8856 8857 9144 9143 
8815 8856 9143 9102 
8857 8858 9145 9144 
8858 8859 9146 9145 
8859 8860 9147 9146 
8860 8861 9148 9147 
8861 8862 9149 9148 
8862 8863 9150 9149 
8863 8864 9151 9150 
8864 8865 9152 9151 
8865 8866 9153 9152 
8866 8867 9154 9153 
8867 8868 9155 9154 
8868 8869 9156 9155 
8869 8870 9157 9156 
8870 8871 9158 9157 
8871 8872 9159 9158 
8872 8873 9160 9159 
8873 8874 9161 9160 
8874 8875 9162 9161 
8875 8876 9163 9162 
8876 8877 9164 9163 
8877 8878 9165 9164 
8878 8879 9166 9165 
8879 8880 9167 9166 
8880 8881 9168 9167 
8881 8882 9169 9168 
8882 8883 9170 9169 
8883 8884 9171 9170 
8884 8885 9172 9171 
8885 8886 9173 9172 
8886 8887 9174 9173 
8887 8888 9175 9174 
8888 8889 9176 9175 
8889 8890 9177 9176 
8890 8891 9178 9177 
8891 8892 9179 9178 
8892 8893 9180 9179 
8893 8894 9181 9180 
8894 8895 9182 9181 
8895 8896 9183 9182 
8855 9142 9183 8896 
8897 9184 9185 8898 
8897 8938 9225 9184 
8898 9185 9186 8899 
8899 9186 9187 8900 
8900 9187 9188 8901 
8901 9188 9189 8902 
8902 9189 9190 8903 
8903 9190 9191 8904 
8904 9191 9192 8905 
8905 9192 9193 8906 
8906 9193 9194 8907 
8907 9194 9195 8908 
8908 9195 9196 8909 
8909 9196 9197 8910 
8910 9197 9198 8911 
8911 9198 9199 8912 
8912 9199 9200 8913 
8913 9200 9201 8914 
8914 9201 9202 8915 
8915 9202 9203 8916 
8916 9203 9204 8917 
8917 9204 9205 8918 
8918 9205 9206 8919 
8919 9206 9207 8920 
8920 9207 9208 8921 
8921 9208 9209 8922 
8922 9209 9210 8923 
8923 9210 9211 8924 
8924 9211 9212 8925 
8925 9212 9213 8926 
8926 9213 9214 8927 
8927 9214 9215 8928 
8928 9215 9216 8929 
8929 9216 9217 8930 
8930 9217 9218 8931 
8931 9218 9219 8932 
8932 9219 9220 8933 
8933 9220 9221 8934 
8934 9221 9222 8935 
8935 9222 9223 8936 
8936 9223 9224 8937 
8937 9224 9265 8978 
8938 8979 9266 9225 
8978 9265 9306 9019 
8979 9020 9307 9266 
9019 9306 9347 9060 
9020 9061 9348 9307 
9060 9347 9388 9101 
9061 9102 9389 9348 
9101 9388 9429 9142 
9143 9144 9431 9430 
9102 9143 9430 9389 
9144 9145 9432 9431 
9145 9146 9433 9432 
9146 9147 9434 9433 
9147 9148 9435 9434 
9148 9149 9436 9435 
9149 9150 9437 9436 
9150 9151 9438 9437 
9151 9152 9439 9438 
9152 9153 9440 9439 
9153 9154 9441 9440 
9154 9155 9442 9441 
9155 9156 9443 9442 
9156 9157 9444 9443 
9157 9158 9445 9444 
9158 9159 9446 9445 
9159 9160 9447 9446 
9160 9161 9448 9447 
9161 9162 9449 9448 
9162 9163 9450 9449 
9163 9164 9451 9450 
9164 9165 9452 9451 
9165 9166 9453 9452 
9166 9167 9454 9453 
9167 9168 9455 9454 
9168 9169 9456 9455 
9169 9170 9457 9456 
9170 9171 9458 9457 
9171 9172 9459 9458 
9172 9173 9460 9459 
9173 9174 9461 9460 
9174 9175 9462 9461 
9175 9176 9463 9462 
9176 9177 9464 9463 
9177 9178 9465 9464 
9178 9179 9466 9465 
9179 9180 9467 9466 
9180 9181 9468 9467 
9181 9182 9469 9468 
9182 9183 9470 9469 
9142 9429 9470 9183 
9184 9471 9472 9185 
9184 9225 9512 9471 
9185 9472 9473 9186 
9186 9473 9474 9187 
9187 9474 9475 9188 
9188 9475 9476 9189 
9189 9476 9477 9190 
9190 9477 9478 9191 
9191 9478 9479 9192 
9192 9479 9480 9193 
9193 9480 9481 9194 
9194 9481 9482 9195 
9195 9482 9483 9196 
9196 9483 9484 9197 
9197 9484 9485 9198 
9198 9485 9486 9199 
9199 9486 9487 9200 
9200 9487 9488 9201 
9201 9488 9489 9202 
9202 9489 9490 9203 
9203 9490 9491 9204 
9204 9491 9492 9205 
9205 9492 9493 9206 
9206 9493 9494 9207 
9207 9494 9495 9208 
9208 9495 9496 9209 
9209 9496 9497 9210 
9210 9497 9498 9211 
9211 9498 9499 9212 
9212 9499 9500 9213 
9213 9500 9501 9214 
9214 9501 9502 9215 
9215 9502 9503 9216 
9216 9503 9504 9217 
9217 9504 9505 9218 
9218 9505 9506 9219 
9219 9506 9507 9220 
9220 9507 9508 9221 
9221 9508 9509 9222 
9222 9509 9510 9223 
9223 9510 9511 9224 
9224 9511 9552 9265 
9225 9266 9553 9512 
9265 9552 9593 9306 
9266 9307 9594 9553 
9306 9593 9634 9347 
9307 9348 9635 9594 
9347 9634 9675 9388 
9348 9389 9676 9635 
9388 9675 9716 9429 
9430 9431 9718 9717 
9389 9430 9717 9676 
9431 9432 9719 9718 
9432 9433 9720 9719 
9433 9434 9721 9720 
9434 9435 9722 9721 
9435 9436 9723 9722 
9436 9437 9724 9723 
9437 9438 9725 9724 
9438 9439 9726 9725 
9439 9440 9727 9726 
9440 9441 9728 9727 
9441 9442 9729 9728 
9442 9443 9730 9729 
9443 9444 9731 9730 
9444 9445 9732 9731 
9445 9446 9733 9732 
9446 9447 9734 9733 
9447 9448 9735 9734 
9448 9449 9736 9735 
9449 9450 9737 9736 
9450 9451 9738 9737 
9451 9452 9739 9738 
9452 9453 9740 9739 
9453 9454 9741 9740 
9454 9455 9742 9741 
9455 9456 9743 9742 
9456 9457 9744 9743 
9457 9458 9745 9744 
9458 9459 9746 9745 
9459 9460 9747 9746 
9460 9461 9748 9747 
9461 9462 9749 9748 
9462 9463 9750 9749 
9463 9464 9751 9750 
9464 9465 9752 9751 
9465 9466 9753 9752 
9466 9467 9754 9753 
9467 9468 9755 9754 
9468 9469 9756 9755 
9469 9470 9757 9756 
9429 9716 9757 9470 
9471 9758 9759 9472 
9471 9512 9799 9758 
9472 9759 9760 9473 
9473 9760 9761 9474 
9474 9761 9762 9475 
9475 9762 9763 9476 
9476 9763 9764 9477 
9477 9764 9765 9478 
9478 9765 9766 9479 
9479 9766 9767 9480 
9480 9767 9768 9481 
9481 9768 9769 9482 
9482 9769 9770 9483 
9483 9770 9771 9484 
9484 9771 9772 9485 
9485 9772 9773 9486 
9486 9773 9774 9487 
9487 9774 9775 9488 
9488 9775 9776 9489 
9489 9776 9777 9490 
9490 9777 9778 9491 
9491 9778 9779 9492 
9492 9779 9780 9493 
9493 9780 9781 9494 
9494 9781 9782 9495 
9495 9782 9783 9496 
9496 9783 9784 9497 
9497 9784 9785 9498 
9498 9785 9786 9499 
9499 9786 9787 9500 
9500 9787 9788 9501 
9501 9788 9789 9502 
9502 9789 9790 9503 
9503 9790 9791 9504 
9504 9791 9792 9505 
9505 9792 9793 9506 
9506 9793 9794 9507 
9507 9794 9795 9508 
9508 9795 9796 9509 
9509 9796 9797 9510 
9510 9797 9798 9511 
9511 9798 9839 9552 
9512 9553 9840 9799 
9552 9839 9880 9593 
9553 9594 9881 9840 
9593 9880 9921 9634 
9594 9635 9922 9881 
9634 9921 9962 9675 
9635 9676 9963 9922 
9675 9962 10003 9716 
9717 9718 10005 10004 
9676 9717 10004 9963 
9718 9719 10006 10005 
9719 9720 10007 10006 
9720 9721 10008 10007 
9721 9722 10009 10008 
9722 9723 10010 10009 
9723 9724 10011 10010 
9724 9725 10012 10011 
9725 9726 10013 10012 
9726 9727 10014 10013 
9727 9728 10015 10014 
9728 9729 10016 10015 
9729 9730 10017 10016 
9730 9731 10018 10017 
9731 9732 10019 10018 
9732 9733 10020 10019 
9733 9734 10021 10020 
9734 9735 10022 10021 
9735 9736 10023 10022 
9736 9737 10024 10023 
9737 9738 10025 10024 
9738 9739 10026 10025 
9739 9740 10027 10026 
9740 9741 10028 10027 
9741 9742 10029 10028 
9742 9743 10030 10029 
9743 9744 10031 10030 
9744 9745 10032 10031 
9745 9746 10033 10032 
9746 9747 10034 10033 
9747 9748 10035 10034 
9748 9749 10036 10035 
9749 9750 10037 10036 
9750 9751 10038 10037 
9751 9752 10039 10038 
9752 9753 10040 10039 
9753 9754 10041 10040 
9754 9755 10042 10041 
9755 9756 10043 10042 
9756 9757 10044 10043 
9716 10003 10044 9757 
9758 10045 10046 9759 
9758 9799 10086 10045 
9759 10046 10047 9760 
9760 10047 10048 9761 
9761 10048 10049 9762 
9762 10049 10050 9763 
9763 10050 10051 9764 
9764 10051 10052 9765 
9765 10052 10053 9766 
9766 10053 10054 9767 
9767 10054 10055 9768 
9768 10055 10056 9769 
9769 10056 10057 9770 
9770 10057 10058 9771 
9771 10058 10059 9772 
9772 10059 10060 9773 
9773 10060 10061 9774 
9774 10061 10062 9775 
9775 10062 10063 9776 
9776 10063 10064 9777 
9777 10064 10065 9778 
9778 10065 10066 9779 
9779 10066 10067 9780 
9780 10067 10068 9781 
9781 10068 10069 9782 
9782 10069 10070 9783 
9783 10070 10071 9784 
9784 10071 10072 9785 
9785 10072 10073 9786 
9786 10073 10074 9787 
9787 10074 10075 9788 
9788 10075 10076 9789 
9789 10076 10077 9790 
9790 10077 10078 9791 
9791 10078 10079 9792 
9792 10079 10080 9793 
9793 10080 10081 9794 
9794 10081 10082 9795 
9795 10082 10083 9796 
9796 10083 10084 9797 
9797 10084 10085 9798 
9798 10085 10126 9839 
9799 9840 10127 10086 
9839 10126 10167 9880 
9840 9881 10168 10127 
9880 10167 10208 9921 
9881 9922 10209 10168 
9921 10208 10249 9962 
9922 9963 10250 10209 
9962 10249 10290 10003 
10004 10005 10292 10291 
9963 10004 10291 10250 
10005 10006 10293 10292 
10006 10007 10294 10293 
10007 10008 10295 10294 
10008 10009 10296 10295 
10009 10010 10297 10296 
10010 10011 10298 10297 
10011 10012 10299 10298 
10012 10013 10300 10299 
10013 10014 10301 10300 
10014 10015 10302 10301 
10015 10016 10303 10302 
10016 10017 10304 10303 
10017 10018 10305 10304 
10018 10019 10306 10305 
10019 10020 10307 10306 
10020 10021 10308 10307 
10021 10022 10309 10308 
10022 10023 10310 10309 
10023 10024 10311 10310 
10024 10025 10312 10311 
10025 10026 10313 10312 
10026 10027 10314 10313 
10027 10028 10315 10314 
10028 10029 10316 10315 
10029 10030 10317 10316 
10030 10031 10318 10317 
10031 10032 10319 10318 
10032 10033 10320 10319 
10033 10034 10321 10320 
10034 10035 10322 10321 
10035 10036 10323 10322 
10036 10037 10324 10323 
10037 10038 10325 10324 
10038 10039 10326 10325 
10039 10040 10327 10326 
10040 10041 10328 10327 
10041 10042 10329 10328 
10042 10043 10330 10329 
10043 10044 10331 10330 
10003 10290 10331 10044 
10045 10332 10333 10046 
10045 10086 10373 10332 
10046 10333 10334 10047 
10047 10334 10335 10048 
10048 10335 10336 10049 
10049 10336 10337 10050 
10050 10337 10338 10051 
10051 10338 10339 10052 
10052 10339 10340 10053 
10053 10340 10341 10054 
10054 10341 10342 10055 
10055 10342 10343 10056 
10056 10343 10344 10057 
10057 10344 10345 10058 
10058 10345 10346 10059 
10059 10346 10347 10060 
10060 10347 10348 10061 
10061 10348 10349 10062 
10062 10349 10350 10063 
10063 10350 10351 10064 
10064 10351 10352 10065 
10065 10352 10353 10066 
10066 10353 10354 10067 
10067 10354 10355 10068 
10068 10355 10356 10069 
10069 10356 10357 10070 
10070 10357 10358 10071 
10071 10358 10359 10072 
10072 10359 10360 10073 
10073 10360 10361 10074 
10074 10361 10362 10075 
10075 10362 10363 10076 
10076 10363 10364 10077 
10077 10364 10365 10078 
10078 10365 10366 10079 
10079 10366 10367 10080 
10080 10367 10368 10081 
10081 10368 10369 10082 
10082 10369 10370 10083 
10083 10370 10371 10084 
10084 10371 10372 10085 
10085 10372 10413 10126 
10086 10127 10414 10373 
10126 10413 10454 10167 
10127 10168 10455 10414 
10167 10454 10495 10208 
10168 10209 10496 10455 
10208 10495 10536 10249 
10209 10250 10537 10496 
10249 10536 10577 10290 
10291 10292 10579 10578 
10250 10291 10578 10537 
10292 10293 10580 10579 
10293 10294 10581 10580 
10294 10295 10582 10581 
10295 10296 10583 10582 
10296 10297 10584 10583 
10297 10298 10585 10584 
10298 10299 10586 10585 
10299 10300 10587 10586 
10300 10301 10588 10587 
10301 10302 10589 10588 
10302 10303 10590 10589 
10303 10304 10591 10590 
10304 10305 10592 10591 
10305 10306 10593 10592 
10306 10307 10594 10593 
10307 10308 10595 10594 
10308 10309 10596 10595 
10309 10310 10597 10596 
10310 10311 10598 10597 
10311 10312 10599 10598 
10312 10313 10600 10599 
10313 10314 10601 10600 
10314 10315 10602 10601 
10315 10316 10603 10602 
10316 10317 10604 10603 
10317 10318 10605 10604 
10318 10319 10606 10605 
10319 10320 10607 10606 
10320 10321 10608 10607 
10321 10322 10609 10608 
10322 10323 10610 10609 
10323 10324 10611 10610 
10324 10325 10612 10611 
10325 10326 10613 10612 
10326 10327 10614 10613 
10327 10328 10615 10614 
10328 10329 10616 10615 
10329 10330 10617 10616 
10330 10331 10618 10617 
10290 10577 10618 10331 
10332 10619 10620 10333 
10332 10373 10660 10619 
10333 10620 10621 10334 
10334 10621 10622 10335 
10335 10622 10623 10336 
10336 10623 10624 10337 
10337 10624 10625 10338 
10338 10625 10626 10339 
10339 10626 10627 10340 
10340 10627 10628 10341 
10341 10628 10629 10342 
10342 10629 10630 10343 
10343 10630 10631 10344 
10344 10631 10632 10345 
10345 10632 10633 10346 
10346 10633 10634 10347 
10347 10634 10635 10348 
10348 10635 10636 10349 
10349 10636 10637 10350 
10350 10637 10638 10351 
10351 10638 10639 10352 
10352 10639 10640 10353 
10353 10640 10641 10354 
10354 10641 10642 10355 
10355 10642 10643 10356 
10356 10643 10644 10357 
10357 10644 10645 10358 
10358 10645 10646 10359 
10359 10646 10647 10360 
10360 10647 10648 10361 
10361 10648 10649 10362 
10362 10649 10650 10363 
10363 10650 10651 10364 
10364 10651 10652 10365 
10365 10652 10653 10366 
10366 10653 10654 10367 
10367 10654 10655 10368 
10368 10655 10656 10369 
10369 10656 10657 10370 
10370 10657 10658 10371 
10371 10658 10659 10372 
10372 10659 10700 10413 
10373 10414 10701 10660 
10413 10700 10741 10454 
10414 10455 10742 10701 
10454 10741 10782 10495 
10455 10496 10783 10742 
10495 10782 10823 10536 
10496 10537 10824 10783 
10536 10823 10864 10577 
10578 10579 10866 10865 
10537 10578 10865 10824 
10579 10580 10867 10866 
10580 10581 10868 10867 
10581 10582 10869 10868 
10582 10583 10870 10869 
10583 10584 10871 10870 
10584 10585 10872 10871 
10585 10586 10873 10872 
10586 10587 10874 10873 
10587 10588 10875 10874 
10588 10589 10876 10875 
10589 10590 10877 10876 
10590 10591 10878 10877 
10591 10592 10879 10878 
10592 10593 10880 10879 
10593 10594 10881 10880 
10594 10595 10882 10881 
10595 10596 10883 10882 
10596 10597 10884 10883 
10597 10598 10885 10884 
10598 10599 10886 10885 
10599 10600 10887 10886 
10600 10601 10888 10887 
10601 10602 10889 10888 
10602 10603 10890 10889 
10603 10604 10891 10890 
10604 10605 10892 10891 
10605 10606 10893 10892 
10606 10607 10894 10893 
10607 10608 10895 10894 
10608 10609 10896 10895 
10609 10610 10897 10896 
10610 10611 10898 10897 
10611 10612 10899 10898 
10612 10613 10900 10899 
10613 10614 10901 10900 
10614 10615 10902 10901 
10615 10616 10903 10902 
10616 10617 10904 10903 
10617 10618 10905 10904 
10577 10864 10905 10618 
10619 10906 10907 10620 
10619 10660 10947 10906 
10620 10907 10908 10621 
10621 10908 10909 10622 
10622 10909 10910 10623 
10623 10910 10911 10624 
10624 10911 10912 10625 
10625 10912 10913 10626 
10626 10913 10914 10627 
10627 10914 10915 10628 
10628 10915 10916 10629 
10629 10916 10917 10630 
10630 10917 10918 10631 
10631 10918 10919 10632 
10632 10919 10920 10633 
10633 10920 10921 10634 
10634 10921 10922 10635 
10635 10922 10923 10636 
10636 10923 10924 10637 
10637 10924 10925 10638 
10638 10925 10926 10639 
10639 10926 10927 10640 
10640 10927 10928 10641 
10641 10928 10929 10642 
10642 10929 10930 10643 
10643 10930 10931 10644 
10644 10931 10932 10645 
10645 10932 10933 10646 
10646 10933 10934 10647 
10647 10934 10935 10648 
10648 10935 10936 10649 
10649 10936 10937 10650 
10650 10937 10938 10651 
10651 10938 10939 10652 
10652 10939 10940 10653 
10653 10940 10941 10654 
10654 10941 10942 10655 
10655 10942 10943 10656 
10656 10943 10944 10657 
10657 10944 10945 10658 
10658 10945 10946 10659 
10659 10946 10987 10700 
10660 10701 10988 10947 
10700 10987 11028 10741 
10701 10742 11029 10988 
10741 11028 11069 10782 
10742 10783 11070 11029 
10782 11069 11110 10823 
10783 10824 11111 11070 
10823 11110 11151 10864 
10865 10866 11153 11152 
10824 10865 11152 11111 
10866 10867 11154 11153 
10867 10868 11155 11154 
10868 10869 11156 11155 
10869 10870 11157 11156 
10870 10871 11158 11157 
10871 10872 11159 11158 
10872 10873 11160 11159 
10873 10874 11161 11160 
10874 10875 11162 11161 
10875 10876 11163 11162 
10876 10877 11164 11163 
10877 10878 11165 11164 
10878 10879 11166 11165 
10879 10880 11167 11166 
10880 10881 11168 11167 
10881 10882 11169 11168 
10882 10883 11170 11169 
10883 10884 11171 11170 
10884 10885 11172 11171 
10885 10886 11173 11172 
10886 10887 11174 11173 
10887 10888 11175 11174 
10888 10889 11176 11175 
10889 10890 11177 11176 
10890 10891 11178 11177 
10891 10892 11179 11178 
10892 10893 11180 11179 
10893 10894 11181 11180 
10894 10895 11182 11181 
10895 10896 11183 11182 
10896 10897 11184 11183 
10897 10898 11185 11184 
10898 10899 11186 11185 
10899 10900 11187 11186 
10900 10901 11188 11187 
10901 10902 11189 11188 
10902 10903 11190 11189 
10903 10904 11191 11190 
10904 10905 11192 11191 
10864 11151 11192 10905 
10906 11193 11194 10907 
10906 10947 11234 11193 
10907 11194 11195 10908 
10908 11195 11196 10909 
10909 11196 11197 10910 
10910 11197 11198 10911 
10911 11198 11199 10912 
10912 11199 11200 10913 
10913 11200 11201 10914 
10914 11201 11202 10915 
10915 11202 11203 10916 
10916 11203 11204 10917 
10917 11204 11205 10918 
10918 11205 11206 10919 
10919 11206 11207 10920 
10920 11207 11208 10921 
10921 11208 11209 10922 
10922 11209 11210 10923 
10923 11210 11211 10924 
10924 11211 11212 10925 
10925 11212 11213 10926 
10926 11213 11214 10927 
10927 11214 11215 10928 
10928 11215 11216 10929 
10929 11216 11217 10930 
10930 11217 11218 10931 
10931 11218 11219 10932 
10932 11219 11220 10933 
10933 11220 11221 10934 
10934 11221 11222 10935 
10935 11222 11223 10936 
10936 11223 11224 10937 
10937 11224 11225 10938 
10938 11225 11226 10939 
10939 11226 11227 10940 
10940 11227 11228 10941 
10941 11228 11229 10942 
10942 11229 11230 10943 
10943 11230 11231 10944 
10944 11231 11232 10945 
10945 11232 11233 10946 
10946 11233 11274 10987 
10947 10988 11275 11234 
10987 11274 11315 11028 
10988 11029 11316 11275 
11028 11315 11356 11069 
11029 11070 11357 11316 
11069 11356 11397 11110 
11070 11111 11398 11357 
11110 11397 11438 11151 
11152 11153 11440 11439 
11111 11152 11439 11398 
11153 11154 11441 11440 
11154 11155 11442 11441 
11155 11156 11443 11442 
11156 11157 11444 11443 
11157 11158 11445 11444 
11158 11159 11446 11445 
11159 11160 11447 11446 
11160 11161 11448 11447 
11161 11162 11449 11448 
11162 11163 11450 11449 
11163 11164 11451 11450 
11164 11165 11452 11451 
11165 11166 11453 11452 
11166 11167 11454 11453 
11167 11168 11455 11454 
11168 11169 11456 11455 
11169 11170 11457 11456 
11170 11171 11458 11457 
11171 11172 11459 11458 
11172 11173 11460 11459 
11173 11174 11461 11460 
11174 11175 11462 11461 
11175 11176 11463 11462 
11176 11177 11464 11463 
11177 11178 11465 11464 
11178 11179 11466 11465 
11179 11180 11467 11466 
11180 11181 11468 11467 
11181 11182 11469 11468 
11182 11183 11470 11469 
11183 11184 11471 11470 
11184 11185 11472 11471 
11185 11186 11473 11472 
11186 11187 11474 11473 
11187 11188 11475 11474 
11188 11189 11476 11475 
11189 11190 11477 11476 
11190 11191 11478 11477 
11191 11192 11479 11478 
11151 11438 11479 11192 
11480 11521 11522 11481 
11193 11480 11481 11194 
11193 11234 11521 11480 
11481 11522 11523 11482 
11194 11481 11482 11195 
11482 11523 11524 11483 
11195 11482 11483 11196 
11483 11524 11525 11484 
11196 11483 11484 11197 
11484 11525 11526 11485 
11197 11484 11485 11198 
11485 11526 11527 11486 
11198 11485 11486 11199 
11486 11527 11528 11487 
11199 11486 11487 11200 
11487 11528 11529 11488 
11200 11487 11488 11201 
11488 11529 11530 11489 
11201 11488 11489 11202 
11489 11530 11531 11490 
11202 11489 11490 11203 
11490 11531 11532 11491 
11203 11490 11491 11204 
11491 11532 11533 11492 
11204 11491 11492 11205 
11492 11533 11534 11493 
11205 11492 11493 11206 
11493 11534 11535 11494 
11206 11493 11494 11207 
11494 11535 11536 11495 
11207 11494 11495 11208 
11495 11536 11537 11496 
11208 11495 11496 11209 
11496 11537 11538 11497 
11209 11496 11497 11210 
11497 11538 11539 11498 
11210 11497 11498 11211 
11498 11539 11540 11499 
11211 11498 11499 11212 
11499 11540 11541 11500 
11212 11499 11500 11213 
11500 11541 11542 11501 
11213 11500 11501 11214 
11501 11542 11543 11502 
11214 11501 11502 11215 
11502 11543 11544 11503 
11215 11502 11503 11216 
11503 11544 11545 11504 
11216 11503 11504 11217 
11504 11545 11546 11505 
11217 11504 11505 11218 
11505 11546 11547 11506 
11218 11505 11506 11219 
11506 11547 11548 11507 
11219 11506 11507 11220 
11507 11548 11549 11508 
11220 11507 11508 11221 
11508 11549 11550 11509 
11221 11508 11509 11222 
11509 11550 11551 11510 
11222 11509 11510 11223 
11510 11551 11552 11511 
11223 11510 11511 11224 
11511 11552 11553 11512 
11224 11511 11512 11225 
11512 11553 11554 11513 
11225 11512 11513 11226 
11513 11554 11555 11514 
11226 11513 11514 11227 
11514 11555 11556 11515 
11227 11514 11515 11228 
11515 11556 11557 11516 
11228 11515 11516 11229 
11516 11557 11558 11517 
11229 11516 11517 11230 
11517 11558 11559 11518 
11230 11517 11518 11231 
11518 11559 11560 11519 
11231 11518 11519 11232 
11519 11560 11561 11520 
11232 11519 11520 11233 
11233 11520 11561 11274 
11521 11562 11563 11522 
11234 11275 11562 11521 
11522 11563 11564 11523 
11523 11564 11565 11524 
11524 11565 11566 11525 
11525 11566 11567 11526 
11526 11567 11568 11527 
11527 11568 11569 11528 
11528 11569 11570 11529 
11529 11570 11571 11530 
11530 11571 11572 11531 
11531 11572 11573 11532 
11532 11573 11574 11533 
11533 11574 11575 11534 
11534 11575 11576 11535 
11535 11576 11577 11536 
11536 11577 11578 11537 
11537 11578 11579 11538 
11538 11579 11580 11539 
11539 11580 11581 11540 
11540 11581 11582 11541 
11541 11582 11583 11542 
11542 11583 11584 11543 
11543 11584 11585 11544 
11544 11585 11586 11545 
11545 11586 11587 11546 
11546 11587 11588 11547 
11547 11588 11589 11548 
11548 11589 11590 11549 
11549 11590 11591 11550 
11550 11591 11592 11551 
11551 11592 11593 11552 
11552 11593 11594 11553 
11553 11594 11595 11554 
11554 11595 11596 11555 
11555 11596 11597 11556 
11556 11597 11598 11557 
11557 11598 11599 11558 
11558 11599 11600 11559 
11559 11600 11601 11560 
11560 11601 11602 11561 
11274 11561 11602 11315 
11562 11603 11604 11563 
11275 11316 11603 11562 
11563 11604 11605 11564 
11564 11605 11606 11565 
11565 11606 11607 11566 
11566 11607 11608 11567 
11567 11608 11609 11568 
11568 11609 11610 11569 
11569 11610 11611 11570 
11570 11611 11612 11571 
11571 11612 11613 11572 
11572 11613 11614 11573 
11573 11614 11615 11574 
11574 11615 11616 11575 
11575 11616 11617 11576 
11576 11617 11618 11577 
11577 11618 11619 11578 
11578 11619 11620 11579 
11579 11620 11621 11580 
11580 11621 11622 11581 
11581 11622 11623 11582 
11582 11623 11624 11583 
11583 11624 11625 11584 
11584 11625 11626 11585 
11585 11626 11627 11586 
11586 11627 11628 11587 
11587 11628 11629 11588 
11588 11629 11630 11589 
11589 11630 11631 11590 
11590 11631 11632 11591 
11591 11632 11633 11592 
11592 11633 11634 11593 
11593 11634 11635 11594 
11594 11635 11636 11595 
11595 11636 11637 11596 
11596 11637 11638 11597 
11597 11638 11639 11598 
11598 11639 11640 11599 
11599 11640 11641 11600 
11600 11641 11642 11601 
11601 11642 11643 11602 
11315 11602 11643 11356 
11603 11644 11645 11604 
11316 11357 11644 11603 
11604 11645 11646 11605 
11605 11646 11647 11606 
11606 11647 11648 11607 
11607 11648 11649 11608 
11608 11649 11650 11609 
11609 11650 11651 11610 
11610 11651 11652 11611 
11611 11652 11653 11612 
11612 11653 11654 11613 
11613 11654 11655 11614 
11614 11655 11656 11615 
11615 11656 11657 11616 
11616 11657 11658 11617 
11617 11658 11659 11618 
11618 11659 11660 11619 
11619 11660 11661 11620 
11620 11661 11662 11621 
11621 11662 11663 11622 
11622 11663 11664 11623 
11623 11664 11665 11624 
11624 11665 11666 11625 
11625 11666 11667 11626 
11626 11667 11668 11627 
11627 11668 11669 11628 
11628 11669 11670 11629 
11629 11670 11671 11630 
11630 11671 11672 11631 
11631 11672 11673 11632 
11632 11673 11674 11633 
11633 11674 11675 11634 
11634 11675 11676 11635 
11635 11676 11677 11636 
11636 11677 11678 11637 
11637 11678 11679 11638 
11638 11679 11680 11639 
11639 11680 11681 11640 
11640 11681 11682 11641 
11641 11682 11683 11642 
11642 11683 11684 11643 
11356 11643 11684 11397 
11644 11685 11686 11645 
11357 11398 11685 11644 
11645 11686 11687 11646 
11646 11687 11688 11647 
11647 11688 11689 11648 
11648 11689 11690 11649 
11649 11690 11691 11650 
11650 11691 11692 11651 
11651 11692 11693 11652 
11652 11693 11694 11653 
11653 11694 11695 11654 
11654 11695 11696 11655 
11655 11696 11697 11656 
11656 11697 11698 11657 
11657 11698 11699 11658 
11658 11699 11700 11659 
11659 11700 11701 11660 
11660 11701 11702 11661 
11661 11702 11703 11662 
11662 11703 11704 11663 
11663 11704 11705 11664 
11664 11705 11706 11665 
11665 11706 11707 11666 
11666 11707 11708 11667 
11667 11708 11709 11668 
11668 11709 11710 11669 
11669 11710 11711 11670 
11670 11711 11712 11671 
11671 11712 11713 11672 
11672 11713 11714 11673 
11673 11714 11715 11674 
11674 11715 11716 11675 
11675 11716 11717 11676 
11676 11717 11718 11677 
11677 11718 11719 11678 
11678 11719 11720 11679 
11679 11720 11721 11680 
11680 11721 11722 11681 
11681 11722 11723 11682 
11682 11723 11724 11683 
11683 11724 11725 11684 
11397 11684 11725 11438 
11685 11726 11727 11686 
11439 11440 11727 11726 
11398 11439 11726 11685 
11686 11727 11728 11687 
11440 11441 11728 11727 
11687 11728 11729 11688 
11441 11442 11729 11728 
11688 11729 11730 11689 
11442 11443 11730 11729 
11689 11730 11731 11690 
11443 11444 11731 11730 
11690 11731 11732 11691 
11444 11445 11732 11731 
11691 11732 11733 11692 
11445 11446 11733 11732 
11692 11733 11734 11693 
11446 11447 11734 11733 
11693 11734 11735 11694 
11447 11448 11735 11734 
11694 11735 11736 11695 
11448 11449 11736 11735 
11695 11736 11737 11696 
11449 11450 11737 11736 
11696 11737 11738 11697 
11450 11451 11738 11737 
11697 11738 11739 11698 
11451 11452 11739 11738 
11698 11739 11740 11699 
11452 11453 11740 11739 
11699 11740 11741 11700 
11453 11454 11741 11740 
11700 11741 11742 11701 
11454 11455 11742 11741 
11701 11742 11743 11702 
11455 11456 11743 11742 
11702 11743 11744 11703 
11456 11457 11744 11743 
11703 11744 11745 11704 
11457 11458 11745 11744 
11704 11745 11746 11705 
11458 11459 11746 11745 
11705 11746 11747 11706 
11459 11460 11747 11746 
11706 11747 11748 11707 
11460 11461 11748 11747 
11707 11748 11749 11708 
11461 11462 11749 11748 
11708 11749 11750 11709 
11462 11463 11750 11749 
11709 11750 11751 11710 
11463 11464 11751 11750 
11710 11751 11752 11711 
11464 11465 11752 11751 
11711 11752 11753 11712 
11465 11466 11753 11752 
11712 11753 11754 11713 
11466 11467 11754 11753 
11713 11754 11755 11714 
11467 11468 11755 11754 
11714 11755 11756 11715 
11468 11469 11756 11755 
11715 11756 11757 11716 
11469 11470 11757 11756 
11716 11757 11758 11717 
11470 11471 11758 11757 
11717 11758 11759 11718 
11471 11472 11759 11758 
11718 11759 11760 11719 
11472 11473 11760 11759 
11719 11760 11761 11720 
11473 11474 11761 11760 
11720 11761 11762 11721 
11474 11475 11762 11761 
11721 11762 11763 11722 
11475 11476 11763 11762 
11722 11763 11764 11723 
11476 11477 11764 11763 
11723 11764 11765 11724 
11477 11478 11765 11764 
11724 11765 11766 11725 
11478 11479 11766 11765 
11438 11725 11766 11479 
