4000 4
0 1 22 21 
0 441 442 1 
0 21 462 441 
1 2 23 22 
1 442 443 2 
2 3 24 23 
2 443 444 3 
3 4 25 24 
3 444 445 4 
4 5 26 25 
4 445 446 5 
5 6 27 26 
5 446 447 6 
6 7 28 27 
6 447 448 7 
7 8 29 28 
7 448 449 8 
8 9 30 29 
8 449 450 9 
9 10 31 30 
9 450 451 10 
10 11 32 31 
10 451 452 11 
11 12 33 32 
11 452 453 12 
12 13 34 33 
12 453 454 13 
13 14 35 34 
13 454 455 14 
14 15 36 35 
14 455 456 15 
15 16 37 36 
15 456 457 16 
16 17 38 37 
16 457 458 17 
17 18 39 38 
17 458 459 18 
18 19 40 39 
18 459 460 19 
19 20 41 40 
19 460 461 20 
20 461 482 41 
21 22 43 42 
21 42 483 462 
22 23 44 43 
23 24 45 44 
24 25 46 45 
25 26 47 46 
26 27 48 47 
27 28 49 48 
28 29 50 49 
29 30 51 50 
30 31 52 51 
31 32 53 52 
32 33 54 53 
33 34 55 54 
34 35 56 55 
35 36 57 56 
36 37 58 57 
37 38 59 58 
38 39 60 59 
39 40 61 60 
40 41 62 61 
41 482 503 62 
42 43 64 63 
42 63 504 483 
43 44 65 64 
44 45 66 65 
45 46 67 66 
46 47 68 67 
47 48 69 68 
48 49 70 69 
49 50 71 70 
50 51 72 71 
51 52 73 72 
52 53 74 73 
53 54 75 74 
54 55 76 75 
55 56 77 76 
56 57 78 77 
57 58 79 78 
58 59 80 79 
59 60 81 80 
60 61 82 81 
61 62 83 82 
62 503 524 83 
63 64 85 84 
63 84 525 504 
64 65 86 85 
65 66 87 86 
66 67 88 87 
67 68 89 88 
68 69 90 89 
69 70 91 90 
70 71 92 91 
71 72 93 92 
72 73 94 93 
73 74 95 94 
74 75 96 95 
75 76 97 96 
76 77 98 97 
77 78 99 98 
78 79 100 99 
79 80 101 100 
80 81 102 101 
81 82 103 102 
82 83 104 103 
83 524 545 104 
84 85 106 105 
84 105 546 525 
85 86 107 106 
86 87 108 107 
87 88 109 108 
88 89 110 109 
89 90 111 110 
90 91 112 111 
91 92 113 112 
92 93 114 113 
93 94 115 114 
94 95 116 115 
95 96 117 116 
96 97 118 117 
97 98 119 118 
98 99 120 119 
99 100 121 120 
100 101 122 121 
101 102 123 122 
102 103 124 123 
103 104 125 124 
104 545 566 125 
105 106 127 126 
105 126 567 546 
106 107 128 127 
107 108 129 128 
108 109 130 129 
109 110 131 130 
110 111 132 131 
111 112 133 132 
112 113 134 133 
113 114 135 134 
114 115 136 135 
115 116 137 136 
116 117 138 137 
117 118 139 138 
118 119 140 139 
119 120 141 140 
120 121 142 141 
121 122 143 142 
122 123 144 143 
123 124 145 144 
124 125 146 145 
125 566 587 146 
126 127 148 147 
126 147 588 567 
127 128 149 148 
128 129 150 149 
129 130 151 150 
130 131 152 151 
131 132 153 152 
132 133 154 153 
133 134 155 154 
134 135 156 155 
135 136 157 156 
136 137 158 157 
137 138 159 158 
138 139 160 159 
139 140 161 160 
140 141 162 161 
141 142 163 162 
142 143 164 163 
143 144 165 164 
144 145 166 165 
145 146 167 166 
146 587 608 167 
147 148 169 168 
147 168 609 588 
148 149 170 169 
149 150 171 170 
150 151 172 171 
151 152 173 172 
152 153 174 173 
153 154 175 174 
154 155 176 175 
155 156 177 176 
156 157 178 177 
157 158 179 178 
158 159 180 179 
159 160 181 180 
160 161 182 181 
161 162 183 182 
162 163 184 183 
163 164 185 184 
164 165 186 185 
165 166 187 186 
166 167 188 187 
167 608 629 188 
168 169 190 189 
168 189 630 609 
169 170 191 190 
170 171 192 191 
171 172 193 192 
172 173 194 193 
173 174 195 194 
174 175 196 195 
175 176 197 196 
176 177 198 197 
177 178 199 198 
178 179 200 199 
179 180 201 200 
180 181 202 201 
181 182 203 202 
182 183 204 203 
183 184 205 204 
184 185 206 205 
185 186 207 206 
186 187 208 207 
187 188 209 208 
188 629 650 209 
189 190 211 210 
189 210 651 630 
190 191 212 211 
191 192 213 212 
192 193 214 213 
193 194 215 214 
194 195 216 215 
195 196 217 216 
196 197 218 217 
197 198 219 218 
198 199 220 219 
199 200 221 220 
200 201 222 221 
201 202 223 222 
202 203 224 223 
203 204 225 224 
204 205 226 225 
205 206 227 226 
206 207 228 227 
207 208 229 228 
208 209 230 229 
209 650 671 230 
210 211 232 231 
210 231 672 651 
211 212 233 232 
212 213 234 233 
213 214 235 234 
214 215 236 235 
215 216 237 236 
216 217 238 237 
217 218 239 238 
218 219 240 239 
219 220 241 240 
220 221 242 241 
221 222 243 242 
222 223 244 243 
223 224 245 244 
224 225 246 245 
225 226 247 246 
226 227 248 247 
227 228 249 248 
228 229 250 249 
229 230 251 250 
230 671 692 251 
231 232 253 252 
231 252 693 672 
232 233 254 253 
233 234 255 254 
234 235 256 255 
235 236 257 256 
236 237 258 257 
237 238 259 258 
238 239 260 259 
239 240 261 260 
240 241 262 261 
241 242 263 262 
242 243 264 263 
243 244 265 264 
244 245 266 265 
245 246 267 266 
246 247 268 267 
247 248 269 268 
248 249 270 269 
249 250 271 270 
250 251 272 271 
251 692 713 272 
252 253 274 273 
252 273 714 693 
253 254 275 274 
254 255 276 275 
255 256 277 276 
256 257 278 277 
257 258 279 278 
258 259 280 279 
259 260 281 280 
260 261 282 281 
261 262 283 282 
262 263 284 283 
263 264 285 284 
264 265 286 285 
265 266 287 286 
266 267 288 287 
267 268 289 288 
268 269 290 289 
269 270 291 290 
270 271 292 291 
271 272 293 292 
272 713 734 293 
273 274 295 294 
273 294 735 714 
274 275 296 295 
275 276 297 296 
276 277 298 297 
277 278 299 298 
278 279 300 299 
279 280 301 300 
280 281 302 301 
281 282 303 302 
282 283 304 303 
283 284 305 304 
284 285 306 305 
285 286 307 306 
286 287 308 307 
287 288 309 308 
288 289 310 309 
289 290 311 310 
290 291 312 311 
291 292 313 312 
292 293 314 313 
293 734 755 314 
294 295 316 315 
294 315 756 735 
295 296 317 316 
296 297 318 317 
297 298 319 318 
298 299 320 319 
299 300 321 320 
300 301 322 321 
301 302 323 322 
302 303 324 323 
303 304 325 324 
304 305 326 325 
305 306 327 326 
306 307 328 327 
307 308 329 328 
308 309 330 329 
309 310 331 330 
310 311 332 331 
311 312 333 332 
312 313 334 333 
313 314 335 334 
314 755 776 335 
315 316 337 336 
315 336 777 756 
316 317 338 337 
317 318 339 338 
318 319 340 339 
319 320 341 340 
320 321 342 341 
321 322 343 342 
322 323 344 343 
323 324 345 344 
324 325 346 345 
325 326 347 346 
326 327 348 347 
327 328 349 348 
328 329 350 349 
329 330 351 350 
330 331 352 351 
331 332 353 352 
332 333 354 353 
333 334 355 354 
334 335 356 355 
335 776 797 356 
336 337 358 357 
336 357 798 777 
337 338 359 358 
338 339 360 359 
339 340 361 360 
340 341 362 361 
341 342 363 362 
342 343 364 363 
343 344 365 364 
344 345 366 365 
345 346 367 366 
346 347 368 367 
347 348 369 368 
348 349 370 369 
349 350 371 370 
350 351 372 371 
351 352 373 372 
352 353 374 373 
353 354 375 374 
354 355 376 375 
355 356 377 376 
356 797 818 377 
357 358 379 378 
357 378 819 798 
358 359 380 379 
359 360 381 380 
360 361 382 381 
361 362 383 382 
362 363 384 383 
363 364 385 384 
364 365 386 385 
365 366 387 386 
366 367 388 387 
367 368 389 388 
368 369 390 389 
369 370 391 390 
370 371 392 391 
371 372 393 392 
372 373 394 393 
373 374 395 394 
374 375 396 395 
375 376 397 396 
376 377 398 397 
377 818 839 398 
378 379 400 399 
378 399 840 819 
379 380 401 400 
380 381 402 401 
381 382 403 402 
382 383 404 403 
383 384 405 404 
384 385 406 405 
385 386 407 406 
386 387 408 407 
387 388 409 408 
388 389 410 409 
389 390 411 410 
390 391 412 411 
391 392 413 412 
392 393 414 413 
393 394 415 414 
394 395 416 415 
395 396 417 416 
396 397 418 417 
397 398 419 418 
398 839 860 419 
399 400 421 420 
420 421 862 861 
399 420 861 840 
400 401 422 421 
421 422 863 862 
401 402 423 422 
422 423 864 863 
402 403 424 423 
423 424 865 864 
403 404 425 424 
424 425 866 865 
404 405 426 425 
425 426 867 866 
405 406 427 426 
426 427 868 867 
406 407 428 427 
427 428 869 868 
407 408 429 428 
428 429 870 869 
408 409 430 429 
429 430 871 870 
409 410 431 430 
430 431 872 871 
410 411 432 431 
431 432 873 872 
411 412 433 432 
432 433 874 873 
412 413 434 433 
433 434 875 874 
413 414 435 434 
434 435 876 875 
414 415 436 435 
435 436 877 876 
415 416 437 436 
436 437 878 877 
416 417 438 437 
437 438 879 878 
417 418 439 438 
438 439 880 879 
418 419 440 439 
439 440 881 880 
419 860 881 440 
441 882 883 442 
441 462 903 882 
442 883 884 443 
443 884 885 444 
444 885 886 445 
445 886 887 446 
446 887 888 447 
447 888 889 448 
448 889 890 449 
449 890 891 450 
450 891 892 451 
451 892 893 452 
452 893 894 453 
453 894 895 454 
454 895 896 455 
455 896 897 456 
456 897 898 457 
457 898 899 458 
458 899 900 459 
459 900 901 460 
460 901 902 461 
461 902 923 482 
462 483 924 903 
482 923 944 503 
483 504 945 924 
503 944 965 524 
504 525 966 945 
524 965 986 545 
525 546 987 966 
545 986 1007 566 
546 567 1008 987 
566 1007 1028 587 
567 588 1029 1008 
587 1028 1049 608 
588 609 1050 1029 
608 1049 1070 629 
609 630 1071 1050 
629 1070 1091 650 
630 651 1092 1071 
650 1091 1112 671 
651 672 1113 1092 
671 1112 1133 692 
672 693 1134 1113 
692 1133 1154 713 
693 714 1155 1134 
713 1154 1175 734 
714 735 1176 1155 
734 1175 1196 755 
735 756 1197 1176 
755 1196 1217 776 
756 777 1218 1197 
776 1217 1238 797 
777 798 1239 1218 
797 1238 1259 818 
798 819 1260 1239 
818 1259 1280 839 
819 840 1281 1260 
839 1280 1301 860 
861 862 1303 1302 
840 861 1302 1281 
862 863 1304 1303 
863 864 1305 1304 
864 865 1306 1305 
865 866 1307 1306 
866 867 1308 1307 
867 868 1309 1308 
868 869 1310 1309 
869 870 1311 1310 
870 871 1312 1311 
871 872 1313 1312 
872 873 1314 1313 
873 874 1315 1314 
874 875 1316 1315 
875 876 1317 1316 
876 877 1318 1317 
877 878 1319 1318 
878 879 1320 1319 
879 880 1321 1320 
880 881 1322 1321 
860 1301 1322 881 
882 1323 1324 883 
882 903 1344 1323 
883 1324 1325 884 
884 1325 1326 885 
885 1326 1327 886 
886 1327 1328 887 
887 1328 1329 888 
888 1329 1330 889 
889 1330 1331 890 
890 1331 1332 891 
891 1332 1333 892 
892 1333 1334 893 
893 1334 1335 894 
894 1335 1336 895 
895 1336 1337 896 
896 1337 1338 897 
897 1338 1339 898 
898 1339 1340 899 
899 1340 1341 900 
900 1341 1342 901 
901 1342 1343 902 
902 1343 1364 923 
903 924 1365 1344 
923 1364 1385 944 
924 945 1386 1365 
944 1385 1406 965 
945 966 1407 1386 
965 1406 1427 986 
966 987 1428 1407 
986 1427 1448 1007 
987 1008 1449 1428 
1007 1448 1469 1028 
1008 1029 1470 1449 
1028 1469 1490 1049 
1029 1050 1491 1470 
1049 1490 1511 1070 
1050 1071 1512 1491 
1070 1511 1532 1091 
1071 1092 1533 1512 
1091 1532 1553 1112 
1092 1113 1554 1533 
1112 1553 1574 1133 
1113 1134 1575 1554 
1133 1574 1595 1154 
1134 1155 1596 1575 
1154 1595 1616 1175 
1155 1176 1617 1596 
1175 1616 1637 1196 
1176 1197 1638 1617 
1196 1637 1658 1217 
1197 1218 1659 1638 
1217 1658 1679 1238 
1218 1239 1680 1659 
1238 1679 1700 1259 
1239 1260 1701 1680 
1259 1700 1721 1280 
1260 1281 1722 1701 
1280 1721 1742 1301 
1302 1303 1744 1743 
1281 1302 1743 1722 
1303 1304 1745 1744 
1304 1305 1746 1745 
1305 1306 1747 1746 
1306 1307 1748 1747 
1307 1308 1749 1748 
1308 1309 1750 1749 
1309 1310 1751 1750 
1310 1311 1752 1751 
1311 1312 1753 1752 
1312 1313 1754 1753 
1313 1314 1755 1754 
1314 1315 1756 1755 
1315 1316 1757 1756 
1316 1317 1758 1757 
1317 1318 1759 1758 
1318 1319 1760 1759 
1319 1320 1761 1760 
1320 1321 1762 1761 
1321 1322 1763 1762 
1301 1742 1763 1322 
1323 1764 1765 1324 
1323 1344 1785 1764 
1324 1765 1766 1325 
1325 1766 1767 1326 
1326 1767 1768 1327 
1327 1768 1769 1328 
1328 1769 1770 1329 
1329 1770 1771 1330 
1330 1771 1772 1331 
1331 1772 1773 1332 
1332 1773 1774 1333 
1333 1774 1775 1334 
1334 1775 1776 1335 
1335 1776 1777 1336 
1336 1777 1778 1337 
1337 1778 1779 1338 
1338 1779 1780 1339 
1339 1780 1781 1340 
1340 1781 1782 1341 
1341 1782 1783 1342 
1342 1783 1784 1343 
1343 1784 1805 1364 
1344 1365 1806 1785 
1364 1805 1826 1385 
1365 1386 1827 1806 
1385 1826 1847 1406 
1386 1407 1848 1827 
1406 1847 1868 1427 
1407 1428 1869 1848 
1427 1868 1889 1448 
1428 1449 1890 1869 
1448 1889 1910 1469 
1449 1470 1911 1890 
1469 1910 1931 1490 
1470 1491 1932 1911 
1490 1931 1952 1511 
1491 1512 1953 1932 
1511 1952 1973 1532 
1512 1533 1974 1953 
1532 1973 1994 1553 
1533 1554 1995 1974 
1553 1994 2015 1574 
1554 1575 2016 1995 
1574 2015 2036 1595 
1575 1596 2037 2016 
1595 2036 2057 1616 
1596 1617 2058 2037 
1616 2057 2078 1637 
1617 1638 2079 2058 
1637 2078 2099 1658 
1638 1659 2100 2079 
1658 2099 2120 1679 
1659 1680 2121 2100 
1679 2120 2141 1700 
1680 1701 2142 2121 
1700 2141 2162 1721 
1701 1722 2163 2142 
1721 2162 2183 1742 
1743 1744 2185 2184 
1722 1743 2184 2163 
1744 1745 2186 2185 
1745 1746 2187 2186 
1746 1747 2188 2187 
1747 1748 2189 2188 
1748 1749 2190 2189 
1749 1750 2191 2190 
1750 1751 2192 2191 
1751 1752 2193 2192 
1752 1753 2194 2193 
1753 1754 2195 2194 
1754 1755 2196 2195 
1755 1756 2197 2196 
1756 1757 2198 2197 
1757 1758 2199 2198 
1758 1759 2200 2199 
1759 1760 2201 2200 
1760 1761 2202 2201 
1761 1762 2203 2202 
1762 1763 2204 2203 
1742 2183 2204 1763 
1764 2205 2206 1765 
1764 1785 2226 2205 
1765 2206 2207 1766 
1766 2207 2208 1767 
1767 2208 2209 1768 
1768 2209 2210 1769 
1769 2210 2211 1770 
1770 2211 2212 1771 
1771 2212 2213 1772 
1772 2213 2214 1773 
1773 2214 2215 1774 
1774 2215 2216 1775 
1775 2216 2217 1776 
1776 2217 2218 1777 
1777 2218 2219 1778 
1778 2219 2220 1779 
1779 2220 2221 1780 
1780 2221 2222 1781 
1781 2222 2223 1782 
1782 2223 2224 1783 
1783 2224 2225 1784 
1784 2225 2246 1805 
1785 1806 2247 2226 
1805 2246 2267 1826 
1806 1827 2268 2247 
1826 2267 2288 1847 
1827 1848 2289 2268 
1847 2288 2309 1868 
1848 1869 2310 2289 
1868 2309 2330 1889 
1869 1890 2331 2310 
1889 2330 2351 1910 
1890 1911 2352 2331 
1910 2351 2372 1931 
1911 1932 2373 2352 
1931 2372 2393 1952 
1932 1953 2394 2373 
1952 2393 2414 1973 
1953 1974 2415 2394 
1973 2414 2435 1994 
1974 1995 2436 2415 
1994 2435 2456 2015 
1995 2016 2457 2436 
2015 2456 2477 2036 
2016 2037 2478 2457 
2036 2477 2498 2057 
2037 2058 2499 2478 
2057 2498 2519 2078 
2058 2079 2520 2499 
2078 2519 2540 2099 
2079 2100 2541 2520 
2099 2540 2561 2120 
2100 2121 2562 2541 
2120 2561 2582 2141 
2121 2142 2583 2562 
2141 2582 2603 2162 
2142 2163 2604 2583 
2162 2603 2624 2183 
2184 2185 2626 2625 
2163 2184 2625 2604 
2185 2186 2627 2626 
2186 2187 2628 2627 
2187 2188 2629 2628 
2188 2189 2630 2629 
2189 2190 2631 2630 
2190 2191 2632 2631 
2191 2192 2633 2632 
2192 2193 2634 2633 
2193 2194 2635 2634 
2194 2195 2636 2635 
2195 2196 2637 2636 
2196 2197 2638 2637 
2197 2198 2639 2638 
2198 2199 2640 2639 
2199 2200 2641 2640 
2200 2201 2642 2641 
2201 2202 2643 2642 
2202 2203 2644 2643 
2203 2204 2645 2644 
2183 2624 2645 2204 
2205 2646 2647 2206 
2205 2226 2667 2646 
2206 2647 2648 2207 
2207 2648 2649 2208 
2208 2649 2650 2209 
2209 2650 2651 2210 
2210 2651 2652 2211 
2211 2652 2653 2212 
2212 2653 2654 2213 
2213 2654 2655 2214 
2214 2655 2656 2215 
2215 2656 2657 2216 
2216 2657 2658 2217 
2217 2658 2659 2218 
2218 2659 2660 2219 
2219 2660 2661 2220 
2220 2661 2662 2221 
2221 2662 2663 2222 
2222 2663 2664 2223 
2223 2664 2665 2224 
2224 2665 2666 2225 
2225 2666 2687 2246 
2226 2247 2688 2667 
2246 2687 2708 2267 
2247 2268 2709 2688 
2267 2708 2729 2288 
2268 2289 2730 2709 
2288 2729 2750 2309 
2289 2310 2751 2730 
2309 2750 2771 2330 
2310 2331 2772 2751 
2330 2771 2792 2351 
2331 2352 2793 2772 
2351 2792 2813 2372 
2352 2373 2814 2793 
2372 2813 2834 2393 
2373 2394 2835 2814 
2393 2834 2855 2414 
2394 2415 2856 2835 
2414 2855 2876 2435 
2415 2436 2877 2856 
2435 2876 2897 2456 
2436 2457 2898 2877 
2456 2897 2918 2477 
2457 2478 2919 2898 
2477 2918 2939 2498 
2478 2499 2940 2919 
2498 2939 2960 2519 
2499 2520 2961 2940 
2519 2960 2981 2540 
2520 2541 2982 2961 
2540 2981 3002 2561 
2541 2562 3003 2982 
2561 3002 3023 2582 
2562 2583 3024 3003 
2582 3023 3044 2603 
2583 2604 3045 3024 
2603 3044 3065 2624 
2625 2626 3067 3066 
2604 2625 3066 3045 
2626 2627 3068 3067 
2627 2628 3069 3068 
2628 2629 3070 3069 
2629 2630 3071 3070 
2630 2631 3072 3071 
2631 2632 3073 3072 
2632 2633 3074 3073 
2633 2634 3075 3074 
2634 2635 3076 3075 
2635 2636 3077 3076 
2636 2637 3078 3077 
2637 2638 3079 3078 
2638 2639 3080 3079 
2639 2640 3081 3080 
2640 2641 3082 3081 
2641 2642 3083 3082 
2642 2643 3084 3083 
2643 2644 3085 3084 
2644 2645 3086 3085 
2624 3065 3086 2645 
2646 3087 3088 2647 
2646 2667 3108 3087 
2647 3088 3089 2648 
2648 3089 3090 2649 
2649 3090 3091 2650 
2650 3091 3092 2651 
2651 3092 3093 2652 
2652 3093 3094 2653 
2653 3094 3095 2654 
2654 3095 3096 2655 
2655 3096 3097 2656 
2656 3097 3098 2657 
2657 3098 3099 2658 
2658 3099 3100 2659 
2659 3100 3101 2660 
2660 3101 3102 2661 
2661 3102 3103 2662 
2662 3103 3104 2663 
2663 3104 3105 2664 
2664 3105 3106 2665 
2665 3106 3107 2666 
2666 3107 3128 2687 
2667 2688 3129 3108 
2687 3128 3149 2708 
2688 2709 3150 3129 
2708 3149 3170 2729 
2709 2730 3171 3150 
2729 3170 3191 2750 
2730 2751 3192 3171 
2750 3191 3212 2771 
2751 2772 3213 3192 
2771 3212 3233 2792 
2772 2793 3234 3213 
2792 3233 3254 2813 
2793 2814 3255 3234 
2813 3254 3275 2834 
2814 2835 3276 3255 
2834 3275 3296 2855 
2835 2856 3297 3276 
2855 3296 3317 2876 
2856 2877 3318 3297 
2876 3317 3338 2897 
2877 2898 3339 3318 
2897 3338 3359 2918 
2898 2919 3360 3339 
2918 3359 3380 2939 
2919 2940 3381 3360 
2939 3380 3401 2960 
2940 2961 3402 3381 
2960 3401 3422 2981 
2961 2982 3423 3402 
2981 3422 3443 3002 
2982 3003 3444 3423 
3002 3443 3464 3023 
3003 3024 3465 3444 
3023 3464 3485 3044 
3024 3045 3486 3465 
3044 3485 3506 3065 
3066 3067 3508 3507 
3045 3066 3507 3486 
3067 3068 3509 3508 
3068 3069 3510 3509 
3069 3070 3511 3510 
3070 3071 3512 3511 
3071 3072 3513 3512 
3072 3073 3514 3513 
3073 3074 3515 3514 
3074 3075 3516 3515 
3075 3076 3517 3516 
3076 3077 3518 3517 
3077 3078 3519 3518 
3078 3079 3520 3519 
3079 3080 3521 3520 
3080 3081 3522 3521 
3081 3082 3523 3522 
3082 3083 3524 3523 
3083 3084 3525 3524 
3084 3085 3526 3525 
3085 3086 3527 3526 
3065 3506 3527 3086 
3087 3528 3529 3088 
3087 3108 3549 3528 
3088 3529 3530 3089 
3089 3530 3531 3090 
3090 3531 3532 3091 
3091 3532 3533 3092 
3092 3533 3534 3093 
3093 3534 3535 3094 
3094 3535 3536 3095 
3095 3536 3537 3096 
3096 3537 3538 3097 
3097 3538 3539 3098 
3098 3539 3540 3099 
3099 3540 3541 3100 
3100 3541 3542 3101 
3101 3542 3543 3102 
3102 3543 3544 3103 
3103 3544 3545 3104 
3104 3545 3546 3105 
3105 3546 3547 3106 
3106 3547 3548 3107 
3107 3548 3569 3128 
3108 3129 3570 3549 
3128 3569 3590 3149 
3129 3150 3591 3570 
3149 3590 3611 3170 
3150 3171 3612 3591 
3170 3611 3632 3191 
3171 3192 3633 3612 
3191 3632 3653 3212 
3192 3213 3654 3633 
3212 3653 3674 3233 
3213 3234 3675 3654 
3233 3674 3695 3254 
3234 3255 3696 3675 
3254 3695 3716 3275 
3255 3276 3717 3696 
3275 3716 3737 3296 
3276 3297 3738 3717 
3296 3737 3758 3317 
3297 3318 3759 3738 
3317 3758 3779 3338 
3318 3339 3780 3759 
3338 3779 3800 3359 
3339 3360 3801 3780 
3359 3800 3821 3380 
3360 3381 3822 3801 
3380 3821 3842 3401 
3381 3402 3843 3822 
3401 3842 3863 3422 
3402 3423 3864 3843 
3422 3863 3884 3443 
3423 3444 3885 3864 
3443 3884 3905 3464 
3444 3465 3906 3885 
3464 3905 3926 3485 
3465 3486 3927 3906 
3485 3926 3947 3506 
3507 3508 3949 3948 
3486 3507 3948 3927 
3508 3509 3950 3949 
3509 3510 3951 3950 
3510 3511 3952 3951 
3511 3512 3953 3952 
3512 3513 3954 3953 
3513 3514 3955 3954 
3514 3515 3956 3955 
3515 3516 3957 3956 
3516 3517 3958 3957 
3517 3518 3959 3958 
3518 3519 3960 3959 
3519 3520 3961 3960 
3520 3521 3962 3961 
3521 3522 3963 3962 
3522 3523 3964 3963 
3523 3524 3965 3964 
3524 3525 3966 3965 
3525 3526 3967 3966 
3526 3527 3968 3967 
3506 3947 3968 3527 
3528 3969 3970 3529 
3528 3549 3990 3969 
3529 3970 3971 3530 
3530 3971 3972 3531 
3531 3972 3973 3532 
3532 3973 3974 3533 
3533 3974 3975 3534 
3534 3975 3976 3535 
3535 3976 3977 3536 
3536 3977 3978 3537 
3537 3978 3979 3538 
3538 3979 3980 3539 
3539 3980 3981 3540 
3540 3981 3982 3541 
3541 3982 3983 3542 
3542 3983 3984 3543 
3543 3984 3985 3544 
3544 3985 3986 3545 
3545 3986 3987 3546 
3546 3987 3988 3547 
3547 3988 3989 3548 
3548 3989 4010 3569 
3549 3570 4011 3990 
3569 4010 4031 3590 
3570 3591 4032 4011 
3590 4031 4052 3611 
3591 3612 4053 4032 
3611 4052 4073 3632 
3612 3633 4074 4053 
3632 4073 4094 3653 
3633 3654 4095 4074 
3653 4094 4115 3674 
3654 3675 4116 4095 
3674 4115 4136 3695 
3675 3696 4137 4116 
3695 4136 4157 3716 
3696 3717 4158 4137 
3716 4157 4178 3737 
3717 3738 4179 4158 
3737 4178 4199 3758 
3738 3759 4200 4179 
3758 4199 4220 3779 
3759 3780 4221 4200 
3779 4220 4241 3800 
3780 3801 4242 4221 
3800 4241 4262 3821 
3801 3822 4263 4242 
3821 4262 4283 3842 
3822 3843 4284 4263 
3842 4283 4304 3863 
3843 3864 4305 4284 
3863 4304 4325 3884 
3864 3885 4326 4305 
3884 4325 4346 3905 
3885 3906 4347 4326 
3905 4346 4367 3926 
3906 3927 4368 4347 
3926 4367 4388 3947 
3948 3949 4390 4389 
3927 3948 4389 4368 
3949 3950 4391 4390 
3950 3951 4392 4391 
3951 3952 4393 4392 
3952 3953 4394 4393 
3953 3954 4395 4394 
3954 3955 4396 4395 
3955 3956 4397 4396 
3956 3957 4398 4397 
3957 3958 4399 4398 
3958 3959 4400 4399 
3959 3960 4401 4400 
3960 3961 4402 4401 
3961 3962 4403 4402 
3962 3963 4404 4403 
3963 3964 4405 4404 
3964 3965 4406 4405 
3965 3966 4407 4406 
3966 3967 4408 4407 
3967 3968 4409 4408 
3947 4388 4409 3968 
3969 4410 4411 3970 
3969 3990 4431 4410 
3970 4411 4412 3971 
3971 4412 4413 3972 
3972 4413 4414 3973 
3973 4414 4415 3974 
3974 4415 4416 3975 
3975 4416 4417 3976 
3976 4417 4418 3977 
3977 4418 4419 3978 
3978 4419 4420 3979 
3979 4420 4421 3980 
3980 4421 4422 3981 
3981 4422 4423 3982 
3982 4423 4424 3983 
3983 4424 4425 3984 
3984 4425 4426 3985 
3985 4426 4427 3986 
3986 4427 4428 3987 
3987 4428 4429 3988 
3988 4429 4430 3989 
3989 4430 4451 4010 
3990 4011 4452 4431 
4010 4451 4472 4031 
4011 4032 4473 4452 
4031 4472 4493 4052 
4032 4053 4494 4473 
4052 4493 4514 4073 
4053 4074 4515 4494 
4073 4514 4535 4094 
4074 4095 4536 4515 
4094 4535 4556 4115 
4095 4116 4557 4536 
4115 4556 4577 4136 
4116 4137 4578 4557 
4136 4577 4598 4157 
4137 4158 4599 4578 
4157 4598 4619 4178 
4158 4179 4620 4599 
4178 4619 4640 4199 
4179 4200 4641 4620 
4199 4640 4661 4220 
4200 4221 4662 4641 
4220 4661 4682 4241 
4221 4242 4683 4662 
4241 4682 4703 4262 
4242 4263 4704 4683 
4262 4703 4724 4283 
4263 4284 4725 4704 
4283 4724 4745 4304 
4284 4305 4746 4725 
4304 4745 4766 4325 
4305 4326 4767 4746 
4325 4766 4787 4346 
4326 4347 4788 4767 
4346 4787 4808 4367 
4347 4368 4809 4788 
4367 4808 4829 4388 
4389 4390 4831 4830 
4368 4389 4830 4809 
4390 4391 4832 4831 
4391 4392 4833 4832 
4392 4393 4834 4833 
4393 4394 4835 4834 
4394 4395 4836 4835 
4395 4396 4837 4836 
4396 4397 4838 4837 
4397 4398 4839 4838 
4398 4399 4840 4839 
4399 4400 4841 4840 
4400 4401 4842 4841 
4401 4402 4843 4842 
4402 4403 4844 4843 
4403 4404 4845 4844 
4404 4405 4846 4845 
4405 4406 4847 4846 
4406 4407 4848 4847 
4407 4408 4849 4848 
4408 4409 4850 4849 
4388 4829 4850 4409 
4410 4851 4852 4411 
4410 4431 4872 4851 
4411 4852 4853 4412 
4412 4853 4854 4413 
4413 4854 4855 4414 
4414 4855 4856 4415 
4415 4856 4857 4416 
4416 4857 4858 4417 
4417 4858 4859 4418 
4418 4859 4860 4419 
4419 4860 4861 4420 
4420 4861 4862 4421 
4421 4862 4863 4422 
4422 4863 4864 4423 
4423 4864 4865 4424 
4424 4865 4866 4425 
4425 4866 4867 4426 
4426 4867 4868 4427 
4427 4868 4869 4428 
4428 4869 4870 4429 
4429 4870 4871 4430 
4430 4871 4892 4451 
4431 4452 4893 4872 
4451 4892 4913 4472 
4452 4473 4914 4893 
4472 4913 4934 4493 
4473 4494 4935 4914 
4493 4934 4955 4514 
4494 4515 4956 4935 
4514 4955 4976 4535 
4515 4536 4977 4956 
4535 4976 4997 4556 
4536 4557 4998 4977 
4556 4997 5018 4577 
4557 4578 5019 4998 
4577 5018 5039 4598 
4578 4599 5040 5019 
4598 5039 5060 4619 
4599 4620 5061 5040 
4619 5060 5081 4640 
4620 4641 5082 5061 
4640 5081 5102 4661 
4641 4662 5103 5082 
4661 5102 5123 4682 
4662 4683 5124 5103 
4682 5123 5144 4703 
4683 4704 5145 5124 
4703 5144 5165 4724 
4704 4725 5166 5145 
4724 5165 5186 4745 
4725 4746 5187 5166 
4745 5186 5207 4766 
4746 4767 5208 5187 
4766 5207 5228 4787 
4767 4788 5229 5208 
4787 5228 5249 4808 
4788 4809 5250 5229 
4808 5249 5270 4829 
4830 4831 5272 5271 
4809 4830 5271 5250 
4831 4832 5273 5272 
4832 4833 5274 5273 
4833 4834 5275 5274 
4834 4835 5276 5275 
4835 4836 5277 5276 
4836 4837 5278 5277 
4837 4838 5279 5278 
4838 4839 5280 5279 
4839 4840 5281 5280 
4840 4841 5282 5281 
4841 4842 5283 5282 
4842 4843 5284 5283 
4843 4844 5285 5284 
4844 4845 5286 5285 
4845 4846 5287 5286 
4846 4847 5288 5287 
4847 4848 5289 5288 
4848 4849 5290 5289 
4849 4850 5291 5290 
4829 5270 5291 4850 
4851 5292 5293 4852 
4851 4872 5313 5292 
4852 5293 5294 4853 
4853 5294 5295 4854 
4854 5295 5296 4855 
4855 5296 5297 4856 
4856 5297 5298 4857 
4857 5298 5299 4858 
4858 5299 5300 4859 
4859 5300 5301 4860 
4860 5301 5302 4861 
4861 5302 5303 4862 
4862 5303 5304 4863 
4863 5304 5305 4864 
4864 5305 5306 4865 
4865 5306 5307 4866 
4866 5307 5308 4867 
4867 5308 5309 4868 
4868 5309 5310 4869 
4869 5310 5311 4870 
4870 5311 5312 4871 
4871 5312 5333 4892 
4872 4893 5334 5313 
4892 5333 5354 4913 
4893 4914 5355 5334 
4913 5354 5375 4934 
4914 4935 5376 5355 
4934 5375 5396 4955 
4935 4956 5397 5376 
4955 5396 5417 4976 
4956 4977 5418 5397 
4976 5417 5438 4997 
4977 4998 5439 5418 
4997 5438 5459 5018 
4998 5019 5460 5439 
5018 5459 5480 5039 
5019 5040 5481 5460 
5039 5480 5501 5060 
5040 5061 5502 5481 
5060 5501 5522 5081 
5061 5082 5523 5502 
5081 5522 5543 5102 
5082 5103 5544 5523 
5102 5543 5564 5123 
5103 5124 5565 5544 
5123 5564 5585 5144 
5124 5145 5586 5565 
5144 5585 5606 5165 
5145 5166 5607 5586 
5165 5606 5627 5186 
5166 5187 5628 5607 
5186 5627 5648 5207 
5187 5208 5649 5628 
5207 5648 5669 5228 
5208 5229 5670 5649 
5228 5669 5690 5249 
5229 5250 5691 5670 
5249 5690 5711 5270 
5271 5272 5713 5712 
5250 5271 5712 5691 
5272 5273 5714 5713 
5273 5274 5715 5714 
5274 5275 5716 5715 
5275 5276 5717 5716 
5276 5277 5718 5717 
5277 5278 5719 5718 
5278 5279 5720 5719 
5279 5280 5721 5720 
5280 5281 5722 5721 
5281 5282 5723 5722 
5282 5283 5724 5723 
5283 5284 5725 5724 
5284 5285 5726 5725 
5285 5286 5727 5726 
5286 5287 5728 5727 
5287 5288 5729 5728 
5288 5289 5730 5729 
5289 5290 5731 5730 
5290 5291 5732 5731 
5270 5711 5732 5291 
5292 5733 5734 5293 
5292 5313 5754 5733 
5293 5734 5735 5294 
5294 5735 5736 5295 
5295 5736 5737 5296 
5296 5737 5738 5297 
5297 5738 5739 5298 
5298 5739 5740 5299 
5299 5740 5741 5300 
5300 5741 5742 5301 
5301 5742 5743 5302 
5302 5743 5744 5303 
5303 5744 5745 5304 
5304 5745 5746 5305 
5305 5746 5747 5306 
5306 5747 5748 5307 
5307 5748 5749 5308 
5308 5749 5750 5309 
5309 5750 5751 5310 
5310 5751 5752 5311 
5311 5752 5753 5312 
5312 5753 5774 5333 
5313 5334 5775 5754 
5333 5774 5795 5354 
5334 5355 5796 5775 
5354 5795 5816 5375 
5355 5376 5817 5796 
5375 5816 5837 5396 
5376 5397 5838 5817 
5396 5837 5858 5417 
5397 5418 5859 5838 
5417 5858 5879 5438 
5418 5439 5880 5859 
5438 5879 5900 5459 
5439 5460 5901 5880 
5459 5900 5921 5480 
5460 5481 5922 5901 
5480 5921 5942 5501 
5481 5502 5943 5922 
5501 5942 5963 5522 
5502 5523 5964 5943 
5522 5963 5984 5543 
5523 5544 5985 5964 
5543 5984 6005 5564 
5544 5565 6006 5985 
5564 6005 6026 5585 
5565 5586 6027 6006 
5585 6026 6047 5606 
5586 5607 6048 6027 
5606 6047 6068 5627 
5607 5628 6069 6048 
5627 6068 6089 5648 
5628 5649 6090 6069 
5648 6089 6110 5669 
5649 5670 6111 6090 
5669 6110 6131 5690 
5670 5691 6132 6111 
5690 6131 6152 5711 
5712 5713 6154 6153 
5691 5712 6153 6132 
5713 5714 6155 6154 
5714 5715 6156 6155 
5715 5716 6157 6156 
5716 5717 6158 6157 
5717 5718 6159 6158 
5718 5719 6160 6159 
5719 5720 6161 6160 
5720 5721 6162 6161 
5721 5722 6163 6162 
5722 5723 6164 6163 
5723 5724 6165 6164 
5724 5725 6166 6165 
5725 5726 6167 6166 
5726 5727 6168 6167 
5727 5728 6169 6168 
5728 5729 6170 6169 
5729 5730 6171 6170 
5730 5731 6172 6171 
5731 5732 6173 6172 
5711 6152 6173 5732 
5733 6174 6175 5734 
5733 5754 6195 6174 
5734 6175 6176 5735 
5735 6176 6177 5736 
5736 6177 6178 5737 
5737 6178 6179 5738 
5738 6179 6180 5739 
5739 6180 6181 5740 
5740 6181 6182 5741 
5741 6182 6183 5742 
5742 6183 6184 5743 
5743 6184 6185 5744 
5744 6185 6186 5745 
5745 6186 6187 5746 
5746 6187 6188 5747 
5747 6188 6189 5748 
5748 6189 6190 5749 
5749 6190 6191 5750 
5750 6191 6192 5751 
5751 6192 6193 5752 
5752 6193 6194 5753 
5753 6194 6215 5774 
5754 5775 6216 6195 
5774 6215 6236 5795 
5775 5796 6237 6216 
5795 6236 6257 5816 
5796 5817 6258 6237 
5816 6257 6278 5837 
5817 5838 6279 6258 
5837 6278 6299 5858 
5838 5859 6300 6279 
5858 6299 6320 5879 
5859 5880 6321 6300 
5879 6320 6341 5900 
5880 5901 6342 6321 
5900 6341 6362 5921 
5901 5922 6363 6342 
5921 6362 6383 5942 
5922 5943 6384 6363 
5942 6383 6404 5963 
5943 5964 6405 6384 
5963 6404 6425 5984 
5964 5985 6426 6405 
5984 6425 6446 6005 
5985 6006 6447 6426 
6005 6446 6467 6026 
6006 6027 6468 6447 
6026 6467 6488 6047 
6027 6048 6489 6468 
6047 6488 6509 6068 
6048 6069 6510 6489 
6068 6509 6530 6089 
6069 6090 6531 6510 
6089 6530 6551 6110 
6090 6111 6552 6531 
6110 6551 6572 6131 
6111 6132 6573 6552 
6131 6572 6593 6152 
6153 6154 6595 6594 
6132 6153 6594 6573 
6154 6155 6596 6595 
6155 6156 6597 6596 
6156 6157 6598 6597 
6157 6158 6599 6598 
6158 6159 6600 6599 
6159 6160 6601 6600 
6160 6161 6602 6601 
6161 6162 6603 6602 
6162 6163 6604 6603 
6163 6164 6605 6604 
6164 6165 6606 6605 
6165 6166 6607 6606 
6166 6167 6608 6607 
6167 6168 6609 6608 
6168 6169 6610 6609 
6169 6170 6611 6610 
6170 6171 6612 6611 
6171 6172 6613 6612 
6172 6173 6614 6613 
6152 6593 6614 6173 
6174 6615 6616 6175 
6174 6195 6636 6615 
6175 6616 6617 6176 
6176 6617 6618 6177 
6177 6618 6619 6178 
6178 6619 6620 6179 
6179 6620 6621 6180 
6180 6621 6622 6181 
6181 6622 6623 6182 
6182 6623 6624 6183 
6183 6624 6625 6184 
6184 6625 6626 6185 
6185 6626 6627 6186 
6186 6627 6628 6187 
6187 6628 6629 6188 
6188 6629 6630 6189 
6189 6630 6631 6190 
6190 6631 6632 6191 
6191 6632 6633 6192 
6192 6633 6634 6193 
6193 6634 6635 6194 
6194 6635 6656 6215 
6195 6216 6657 6636 
6215 6656 6677 6236 
6216 6237 6678 6657 
6236 6677 6698 6257 
6237 6258 6699 6678 
6257 6698 6719 6278 
6258 6279 6720 6699 
6278 6719 6740 6299 
6279 6300 6741 6720 
6299 6740 6761 6320 
6300 6321 6762 6741 
6320 6761 6782 6341 
6321 6342 6783 6762 
6341 6782 6803 6362 
6342 6363 6804 6783 
6362 6803 6824 6383 
6363 6384 6825 6804 
6383 6824 6845 6404 
6384 6405 6846 6825 
6404 6845 6866 6425 
6405 6426 6867 6846 
6425 6866 6887 6446 
6426 6447 6888 6867 
6446 6887 6908 6467 
6447 6468 6909 6888 
6467 6908 6929 6488 
6468 6489 6930 6909 
6488 6929 6950 6509 
6489 6510 6951 6930 
6509 6950 6971 6530 
6510 6531 6972 6951 
6530 6971 6992 6551 
6531 6552 6993 6972 
6551 6992 7013 6572 
6552 6573 7014 6993 
6572 7013 7034 6593 
6594 6595 7036 7035 
6573 6594 7035 7014 
6595 6596 7037 7036 
6596 6597 7038 7037 
6597 6598 7039 7038 
6598 6599 7040 7039 
6599 6600 7041 7040 
6600 6601 7042 7041 
6601 6602 7043 7042 
6602 6603 7044 7043 
6603 6604 7045 7044 
6604 6605 7046 7045 
6605 6606 7047 7046 
6606 6607 7048 7047 
6607 6608 7049 7048 
6608 6609 7050 7049 
6609 6610 7051 7050 
6610 6611 7052 7051 
6611 6612 7053 7052 
6612 6613 7054 7053 
6613 6614 7055 7054 
6593 7034 7055 6614 
6615 7056 7057 6616 
6615 6636 7077 7056 
6616 7057 7058 6617 
6617 7058 7059 6618 
6618 7059 7060 6619 
6619 7060 7061 6620 
6620 7061 7062 6621 
6621 7062 7063 6622 
6622 7063 7064 6623 
6623 7064 7065 6624 
6624 7065 7066 6625 
6625 7066 7067 6626 
6626 7067 7068 6627 
6627 7068 7069 6628 
6628 7069 7070 6629 
6629 7070 7071 6630 
6630 7071 7072 6631 
6631 7072 7073 6632 
6632 7073 7074 6633 
6633 7074 7075 6634 
6634 7075 7076 6635 
6635 7076 7097 6656 
6636 6657 7098 7077 
6656 7097 7118 6677 
6657 6678 7119 7098 
6677 7118 7139 6698 
6678 6699 7140 7119 
6698 7139 7160 6719 
6699 6720 7161 7140 
6719 7160 7181 6740 
6720 6741 7182 7161 
6740 7181 7202 6761 
6741 6762 7203 7182 
6761 7202 7223 6782 
6762 6783 7224 7203 
6782 7223 7244 6803 
6783 6804 7245 7224 
6803 7244 7265 6824 
6804 6825 7266 7245 
6824 7265 7286 6845 
6825 6846 7287 7266 
6845 7286 7307 6866 
6846 6867 7308 7287 
6866 7307 7328 6887 
6867 6888 7329 7308 
6887 7328 7349 6908 
6888 6909 7350 7329 
6908 7349 7370 6929 
6909 6930 7371 7350 
6929 7370 7391 6950 
6930 6951 7392 7371 
6950 7391 7412 6971 
6951 6972 7413 7392 
6971 7412 7433 6992 
6972 6993 7434 7413 
6992 7433 7454 7013 
6993 7014 7455 7434 
7013 7454 7475 7034 
7035 7036 7477 7476 
7014 7035 7476 7455 
7036 7037 7478 7477 
7037 7038 7479 7478 
7038 7039 7480 7479 
7039 7040 7481 7480 
7040 7041 7482 7481 
7041 7042 7483 7482 
7042 7043 7484 7483 
7043 7044 7485 7484 
7044 7045 7486 7485 
7045 7046 7487 7486 
7046 7047 7488 7487 
7047 7048 7489 7488 
7048 7049 7490 7489 
7049 7050 7491 7490 
7050 7051 7492 7491 
7051 7052 7493 7492 
7052 7053 7494 7493 
7053 7054 7495 7494 
7054 7055 7496 7495 
7034 7475 7496 7055 
7056 7497 7498 7057 
7056 7077 7518 7497 
7057 7498 7499 7058 
7058 7499 7500 7059 
7059 7500 7501 7060 
7060 7501 7502 7061 
7061 7502 7503 7062 
7062 7503 7504 7063 
7063 7504 7505 7064 
7064 7505 7506 7065 
7065 7506 7507 7066 
7066 7507 7508 7067 
7067 7508 7509 7068 
7068 7509 7510 7069 
7069 7510 7511 7070 
7070 7511 7512 7071 
7071 7512 7513 7072 
7072 7513 7514 7073 
7073 7514 7515 7074 
7074 7515 7516 7075 
7075 7516 7517 7076 
7076 7517 7538 7097 
7077 7098 7539 7518 
7097 7538 7559 7118 
7098 7119 7560 7539 
7118 7559 7580 7139 
7119 7140 7581 7560 
7139 7580 7601 7160 
7140 7161 7602 7581 
7160 7601 7622 7181 
7161 7182 7623 7602 
7181 7622 7643 7202 
7182 7203 7644 7623 
7202 7643 7664 7223 
7203 7224 7665 7644 
7223 7664 7685 7244 
7224 7245 7686 7665 
7244 7685 7706 7265 
7245 7266 7707 7686 
7265 7706 7727 7286 
7266 7287 7728 7707 
7286 7727 7748 7307 
7287 7308 7749 7728 
7307 7748 7769 7328 
7308 7329 7770 7749 
7328 7769 7790 7349 
7329 7350 7791 7770 
7349 7790 7811 7370 
7350 7371 7812 7791 
7370 7811 7832 7391 
7371 7392 7833 7812 
7391 7832 7853 7412 
7392 7413 7854 7833 
7412 7853 7874 7433 
7413 7434 7875 7854 
7433 7874 7895 7454 
7434 7455 7896 7875 
7454 7895 7916 7475 
7476 7477 7918 7917 
7455 7476 7917 7896 
7477 7478 7919 7918 
7478 7479 7920 7919 
7479 7480 7921 7920 
7480 7481 7922 7921 
7481 7482 7923 7922 
7482 7483 7924 7923 
7483 7484 7925 7924 
7484 7485 7926 7925 
7485 7486 7927 7926 
7486 7487 7928 7927 
7487 7488 7929 7928 
7488 7489 7930 7929 
7489 7490 7931 7930 
7490 7491 7932 7931 
7491 7492 7933 7932 
7492 7493 7934 7933 
7493 7494 7935 7934 
7494 7495 7936 7935 
7495 7496 7937 7936 
7475 7916 7937 7496 
7497 7938 7939 7498 
7497 7518 7959 7938 
7498 7939 7940 7499 
7499 7940 7941 7500 
7500 7941 7942 7501 
7501 7942 7943 7502 
7502 7943 7944 7503 
7503 7944 7945 7504 
7504 7945 7946 7505 
7505 7946 7947 7506 
7506 7947 7948 7507 
7507 7948 7949 7508 
7508 7949 7950 7509 
7509 7950 7951 7510 
7510 7951 7952 7511 
7511 7952 7953 7512 
7512 7953 7954 7513 
7513 7954 7955 7514 
7514 7955 7956 7515 
7515 7956 7957 7516 
7516 7957 7958 7517 
7517 7958 7979 7538 
7518 7539 7980 7959 
7538 7979 8000 7559 
7539 7560 8001 7980 
7559 8000 8021 7580 
7560 7581 8022 8001 
7580 8021 8042 7601 
7581 7602 8043 8022 
7601 8042 8063 7622 
7602 7623 8064 8043 
7622 8063 8084 7643 
7623 7644 8085 8064 
7643 8084 8105 7664 
7644 7665 8106 8085 
7664 8105 8126 7685 
7665 7686 8127 8106 
7685 8126 8147 7706 
7686 7707 8148 8127 
7706 8147 8168 7727 
7707 7728 8169 8148 
7727 8168 8189 7748 
7728 7749 8190 8169 
7748 8189 8210 7769 
7749 7770 8211 8190 
7769 8210 8231 7790 
7770 7791 8232 8211 
7790 8231 8252 7811 
7791 7812 8253 8232 
7811 8252 8273 7832 
7812 7833 8274 8253 
7832 8273 8294 7853 
7833 7854 8295 8274 
7853 8294 8315 7874 
7854 7875 8316 8295 
7874 8315 8336 7895 
7875 7896 8337 8316 
7895 8336 8357 7916 
7917 7918 8359 8358 
7896 7917 8358 8337 
7918 7919 8360 8359 
7919 7920 8361 8360 
7920 7921 8362 8361 
7921 7922 8363 8362 
7922 7923 8364 8363 
7923 7924 8365 8364 
7924 7925 8366 8365 
7925 7926 8367 8366 
7926 7927 8368 8367 
7927 7928 8369 8368 
7928 7929 8370 8369 
7929 7930 8371 8370 
7930 7931 8372 8371 
7931 7932 8373 8372 
7932 7933 8374 8373 
7933 7934 8375 8374 
7934 7935 8376 8375 
7935 7936 8377 8376 
7936 7937 8378 8377 
7916 8357 8378 7937 
7938 8379 8380 7939 
7938 7959 8400 8379 
7939 8380 8381 7940 
7940 8381 8382 7941 
7941 8382 8383 7942 
7942 8383 8384 7943 
7943 8384 8385 7944 
7944 8385 8386 7945 
7945 8386 8387 7946 
7946 8387 8388 7947 
7947 8388 8389 7948 
7948 8389 8390 7949 
7949 8390 8391 7950 
7950 8391 8392 7951 
7951 8392 8393 7952 
7952 8393 8394 7953 
7953 8394 8395 7954 
7954 8395 8396 7955 
7955 8396 8397 7956 
7956 8397 8398 7957 
7957 8398 8399 7958 
7958 8399 8420 7979 
7959 7980 8421 8400 
7979 8420 8441 8000 
7980 8001 8442 8421 
8000 8441 8462 8021 
8001 8022 8463 8442 
8021 8462 8483 8042 
8022 8043 8484 8463 
8042 8483 8504 8063 
8043 8064 8505 8484 
8063 8504 8525 8084 
8064 8085 8526 8505 
8084 8525 8546 8105 
8085 8106 8547 8526 
8105 8546 8567 8126 
8106 8127 8568 8547 
8126 8567 8588 8147 
8127 8148 8589 8568 
8147 8588 8609 8168 
8148 8169 8610 8589 
8168 8609 8630 8189 
8169 8190 8631 8610 
8189 8630 8651 8210 
8190 8211 8652 8631 
8210 8651 8672 8231 
8211 8232 8673 8652 
8231 8672 8693 8252 
8232 8253 8694 8673 
8252 8693 8714 8273 
8253 8274 8715 8694 
8273 8714 8735 8294 
8274 8295 8736 8715 
8294 8735 8756 8315 
8295 8316 8757 8736 
8315 8756 8777 8336 
8316 8337 8778 8757 
8336 8777 8798 8357 
8358 8359 8800 8799 
8337 8358 8799 8778 
8359 8360 8801 8800 
8360 8361 8802 8801 
8361 8362 8803 8802 
8362 8363 8804 8803 
8363 8364 8805 8804 
8364 8365 8806 8805 
8365 8366 8807 8806 
8366 8367 8808 8807 
8367 8368 8809 8808 
8368 8369 8810 8809 
8369 8370 8811 8810 
8370 8371 8812 8811 
8371 8372 8813 8812 
8372 8373 8814 8813 
8373 8374 8815 8814 
8374 8375 8816 8815 
8375 8376 8817 8816 
8376 8377 8818 8817 
8377 8378 8819 8818 
8357 8798 8819 8378 
8379 8820 8821 8380 
8379 8400 8841 8820 
8380 8821 8822 8381 
8381 8822 8823 8382 
8382 8823 8824 8383 
8383 8824 8825 8384 
8384 8825 8826 8385 
8385 8826 8827 8386 
8386 8827 8828 8387 
8387 8828 8829 8388 
8388 8829 8830 8389 
8389 8830 8831 8390 
8390 8831 8832 8391 
8391 8832 8833 8392 
8392 8833 8834 8393 
8393 8834 8835 8394 
8394 8835 8836 8395 
8395 8836 8837 8396 
8396 8837 8838 8397 
8397 8838 8839 8398 
8398 8839 8840 8399 
8399 8840 8861 8420 
8400 8421 8862 8841 
8420 8861 8882 8441 
8421 8442 8883 8862 
8441 8882 8903 8462 
8442 8463 8904 8883 
8462 8903 8924 8483 
8463 8484 8925 8904 
8483 8924 8945 8504 
8484 8505 8946 8925 
8504 8945 8966 8525 
8505 8526 8967 8946 
8525 8966 8987 8546 
8526 8547 8988 8967 
8546 8987 9008 8567 
8547 8568 9009 8988 
8567 9008 9029 8588 
8568 8589 9030 9009 
8588 9029 9050 8609 
8589 8610 9051 9030 
8609 9050 9071 8630 
8610 8631 9072 9051 
8630 9071 9092 8651 
8631 8652 9093 9072 
8651 9092 9113 8672 
8652 8673 9114 9093 
8672 9113 9134 8693 
8673 8694 9135 9114 
8693 9134 9155 8714 
8694 8715 9156 9135 
8714 9155 9176 8735 
8715 8736 9177 9156 
8735 9176 9197 8756 
8736 8757 9198 9177 
8756 9197 9218 8777 
8757 8778 9219 9198 
8777 9218 9239 8798 
8799 8800 9241 9240 
8778 8799 9240 9219 
8800 8801 9242 9241 
8801 8802 9243 9242 
8802 8803 9244 9243 
8803 8804 9245 9244 
8804 8805 9246 9245 
8805 8806 9247 9246 
8806 8807 9248 9247 
8807 8808 9249 9248 
8808 8809 9250 9249 
8809 8810 9251 9250 
8810 8811 9252 9251 
8811 8812 9253 9252 
8812 8813 9254 9253 
8813 8814 9255 9254 
8814 8815 9256 9255 
8815 8816 9257 9256 
8816 8817 9258 9257 
8817 8818 9259 9258 
8818 8819 9260 9259 
8798 9239 9260 8819 
8820 9261 9262 8821 
8820 8841 9282 9261 
8821 9262 9263 8822 
8822 9263 9264 8823 
8823 9264 9265 8824 
8824 9265 9266 8825 
8825 9266 9267 8826 
8826 9267 9268 8827 
8827 9268 9269 8828 
8828 9269 9270 8829 
8829 9270 9271 8830 
8830 9271 9272 8831 
8831 9272 9273 8832 
8832 9273 9274 8833 
8833 9274 9275 8834 
8834 9275 9276 8835 
8835 9276 9277 8836 
8836 9277 9278 8837 
8837 9278 9279 8838 
8838 9279 9280 8839 
8839 9280 9281 8840 
8840 9281 9302 8861 
8841 8862 9303 9282 
8861 9302 9323 8882 
8862 8883 9324 9303 
8882 9323 9344 8903 
8883 8904 9345 9324 
8903 9344 9365 8924 
8904 8925 9366 9345 
8924 9365 9386 8945 
8925 8946 9387 9366 
8945 9386 9407 8966 
8946 8967 9408 9387 
8966 9407 9428 8987 
8967 8988 9429 9408 
8987 9428 9449 9008 
8988 9009 9450 9429 
9008 9449 9470 9029 
9009 9030 9471 9450 
9029 9470 9491 9050 
9030 9051 9492 9471 
9050 9491 9512 9071 
9051 9072 9513 9492 
9071 9512 9533 9092 
9072 9093 9534 9513 
9092 9533 9554 9113 
9093 9114 9555 9534 
9113 9554 9575 9134 
9114 9135 9576 9555 
9134 9575 9596 9155 
9135 9156 9597 9576 
9155 9596 9617 9176 
9156 9177 9618 9597 
9176 9617 9638 9197 
9177 9198 9639 9618 
9197 9638 9659 9218 
9198 9219 9660 9639 
9218 9659 9680 9239 
9240 9241 9682 9681 
9219 9240 9681 9660 
9241 9242 9683 9682 
9242 9243 9684 9683 
9243 9244 9685 9684 
9244 9245 9686 9685 
9245 9246 9687 9686 
9246 9247 9688 9687 
9247 9248 9689 9688 
9248 9249 9690 9689 
9249 9250 9691 9690 
9250 9251 9692 9691 
9251 9252 9693 9692 
9252 9253 9694 9693 
9253 9254 9695 9694 
9254 9255 9696 9695 
9255 9256 9697 9696 
9256 9257 9698 9697 
9257 9258 9699 9698 
9258 9259 9700 9699 
9259 9260 9701 9700 
9239 9680 9701 9260 
9261 9702 9703 9262 
9261 9282 9723 9702 
9262 9703 9704 9263 
9263 9704 9705 9264 
9264 9705 9706 9265 
9265 9706 9707 9266 
9266 9707 9708 9267 
9267 9708 9709 9268 
9268 9709 9710 9269 
9269 9710 9711 9270 
9270 9711 9712 9271 
9271 9712 9713 9272 
9272 9713 9714 9273 
9273 9714 9715 9274 
9274 9715 9716 9275 
9275 9716 9717 9276 
9276 9717 9718 9277 
9277 9718 9719 9278 
9278 9719 9720 9279 
9279 9720 9721 9280 
9280 9721 9722 9281 
9281 9722 9743 9302 
9282 9303 9744 9723 
9302 9743 9764 9323 
9303 9324 9765 9744 
9323 9764 9785 9344 
9324 9345 9786 9765 
9344 9785 9806 9365 
9345 9366 9807 9786 
9365 9806 9827 9386 
9366 9387 9828 9807 
9386 9827 9848 9407 
9387 9408 9849 9828 
9407 9848 9869 9428 
9408 9429 9870 9849 
9428 9869 9890 9449 
9429 9450 9891 9870 
9449 9890 9911 9470 
9450 9471 9912 9891 
9470 9911 9932 9491 
9471 9492 9933 9912 
9491 9932 9953 9512 
9492 9513 9954 9933 
9512 9953 9974 9533 
9513 9534 9975 9954 
9533 9974 9995 9554 
9534 9555 9996 9975 
9554 9995 10016 9575 
9555 9576 10017 9996 
9575 10016 10037 9596 
9576 9597 10038 10017 
9596 10037 10058 9617 
9597 9618 10059 10038 
9617 10058 10079 9638 
9618 9639 10080 10059 
9638 10079 10100 9659 
9639 9660 10101 10080 
9659 10100 10121 9680 
9681 9682 10123 10122 
9660 9681 10122 10101 
9682 9683 10124 10123 
9683 9684 10125 10124 
9684 9685 10126 10125 
9685 9686 10127 10126 
9686 9687 10128 10127 
9687 9688 10129 10128 
9688 9689 10130 10129 
9689 9690 10131 10130 
9690 9691 10132 10131 
9691 9692 10133 10132 
9692 9693 10134 10133 
9693 9694 10135 10134 
9694 9695 10136 10135 
9695 9696 10137 10136 
9696 9697 10138 10137 
9697 9698 10139 10138 
9698 9699 10140 10139 
9699 9700 10141 10140 
9700 9701 10142 10141 
9680 10121 10142 9701 
9702 10143 10144 9703 
9702 9723 10164 10143 
9703 10144 10145 9704 
9704 10145 10146 9705 
9705 10146 10147 9706 
9706 10147 10148 9707 
9707 10148 10149 9708 
9708 10149 10150 9709 
9709 10150 10151 9710 
9710 10151 10152 9711 
9711 10152 10153 9712 
9712 10153 10154 9713 
9713 10154 10155 9714 
9714 10155 10156 9715 
9715 10156 10157 9716 
9716 10157 10158 9717 
9717 10158 10159 9718 
9718 10159 10160 9719 
9719 10160 10161 9720 
9720 10161 10162 9721 
9721 10162 10163 9722 
9722 10163 10184 9743 
9723 9744 10185 10164 
9743 10184 10205 9764 
9744 9765 10206 10185 
9764 10205 10226 9785 
9765 9786 10227 10206 
9785 10226 10247 9806 
9786 9807 10248 10227 
9806 10247 10268 9827 
9807 9828 10269 10248 
9827 10268 10289 9848 
9828 9849 10290 10269 
9848 10289 10310 9869 
9849 9870 10311 10290 
9869 10310 10331 9890 
9870 9891 10332 10311 
9890 10331 10352 9911 
9891 9912 10353 10332 
9911 10352 10373 9932 
9912 9933 10374 10353 
9932 10373 10394 9953 
9933 9954 10395 10374 
9953 10394 10415 9974 
9954 9975 10416 10395 
9974 10415 10436 9995 
9975 9996 10437 10416 
9995 10436 10457 10016 
9996 10017 10458 10437 
10016 10457 10478 10037 
10017 10038 10479 10458 
10037 10478 10499 10058 
10038 10059 10500 10479 
10058 10499 10520 10079 
10059 10080 10521 10500 
10079 10520 10541 10100 
10080 10101 10542 10521 
10100 10541 10562 10121 
10122 10123 10564 10563 
10101 10122 10563 10542 
10123 10124 10565 10564 
10124 10125 10566 10565 
10125 10126 10567 10566 
10126 10127 10568 10567 
10127 10128 10569 10568 
10128 10129 10570 10569 
10129 10130 10571 10570 
10130 10131 10572 10571 
10131 10132 10573 10572 
10132 10133 10574 10573 
10133 10134 10575 10574 
10134 10135 10576 10575 
10135 10136 10577 10576 
10136 10137 10578 10577 
10137 10138 10579 10578 
10138 10139 10580 10579 
10139 10140 10581 10580 
10140 10141 10582 10581 
10141 10142 10583 10582 
10121 10562 10583 10142 
10143 10584 10585 10144 
10143 10164 10605 10584 
10144 10585 10586 10145 
10145 10586 10587 10146 
10146 10587 10588 10147 
10147 10588 10589 10148 
10148 10589 10590 10149 
10149 10590 10591 10150 
10150 10591 10592 10151 
10151 10592 10593 10152 
10152 10593 10594 10153 
10153 10594 10595 10154 
10154 10595 10596 10155 
10155 10596 10597 10156 
10156 10597 10598 10157 
10157 10598 10599 10158 
10158 10599 10600 10159 
10159 10600 10601 10160 
10160 10601 10602 10161 
10161 10602 10603 10162 
10162 10603 10604 10163 
10163 10604 10625 10184 
10164 10185 10626 10605 
10184 10625 10646 10205 
10185 10206 10647 10626 
10205 10646 10667 10226 
10206 10227 10668 10647 
10226 10667 10688 10247 
10227 10248 10689 10668 
10247 10688 10709 10268 
10248 10269 10710 10689 
10268 10709 10730 10289 
10269 10290 10731 10710 
10289 10730 10751 10310 
10290 10311 10752 10731 
10310 10751 10772 10331 
10311 10332 10773 10752 
10331 10772 10793 10352 
10332 10353 10794 10773 
10352 10793 10814 10373 
10353 10374 10815 10794 
10373 10814 10835 10394 
10374 10395 10836 10815 
10394 10835 10856 10415 
10395 10416 10857 10836 
10415 10856 10877 10436 
10416 10437 10878 10857 
10436 10877 10898 10457 
10437 10458 10899 10878 
10457 10898 10919 10478 
10458 10479 10920 10899 
10478 10919 10940 10499 
10479 10500 10941 10920 
10499 10940 10961 10520 
10500 10521 10962 10941 
10520 10961 10982 10541 
10521 10542 10983 10962 
10541 10982 11003 10562 
10563 10564 11005 11004 
10542 10563 11004 10983 
10564 10565 11006 11005 
10565 10566 11007 11006 
10566 10567 11008 11007 
10567 10568 11009 11008 
10568 10569 11010 11009 
10569 10570 11011 11010 
10570 10571 11012 11011 
10571 10572 11013 11012 
10572 10573 11014 11013 
10573 10574 11015 11014 
10574 10575 11016 11015 
10575 10576 11017 11016 
10576 10577 11018 11017 
10577 10578 11019 11018 
10578 10579 11020 11019 
10579 10580 11021 11020 
10580 10581 11022 11021 
10581 10582 11023 11022 
10582 10583 11024 11023 
10562 11003 11024 10583 
10584 11025 11026 10585 
10584 10605 11046 11025 
10585 11026 11027 10586 
10586 11027 11028 10587 
10587 11028 11029 10588 
10588 11029 11030 10589 
10589 11030 11031 10590 
10590 11031 11032 10591 
10591 11032 11033 10592 
10592 11033 11034 10593 
10593 11034 11035 10594 
10594 11035 11036 10595 
10595 11036 11037 10596 
10596 11037 11038 10597 
10597 11038 11039 10598 
10598 11039 11040 10599 
10599 11040 11041 10600 
10600 11041 11042 10601 
10601 11042 11043 10602 
10602 11043 11044 10603 
10603 11044 11045 10604 
10604 11045 11066 10625 
10605 10626 11067 11046 
10625 11066 11087 10646 
10626 10647 11088 11067 
10646 11087 11108 10667 
10647 10668 11109 11088 
10667 11108 11129 10688 
10668 10689 11130 11109 
10688 11129 11150 10709 
10689 10710 11151 11130 
10709 11150 11171 10730 
10710 10731 11172 11151 
10730 11171 11192 10751 
10731 10752 11193 11172 
10751 11192 11213 10772 
10752 10773 11214 11193 
10772 11213 11234 10793 
10773 10794 11235 11214 
10793 11234 11255 10814 
10794 10815 11256 11235 
10814 11255 11276 10835 
10815 10836 11277 11256 
10835 11276 11297 10856 
10836 10857 11298 11277 
10856 11297 11318 10877 
10857 10878 11319 11298 
10877 11318 11339 10898 
10878 10899 11340 11319 
10898 11339 11360 10919 
10899 10920 11361 11340 
10919 11360 11381 10940 
10920 10941 11382 11361 
10940 11381 11402 10961 
10941 10962 11403 11382 
10961 11402 11423 10982 
10962 10983 11424 11403 
10982 11423 11444 11003 
11004 11005 11446 11445 
10983 11004 11445 11424 
11005 11006 11447 11446 
11006 11007 11448 11447 
11007 11008 11449 11448 
11008 11009 11450 11449 
11009 11010 11451 11450 
11010 11011 11452 11451 
11011 11012 11453 11452 
11012 11013 11454 11453 
11013 11014 11455 11454 
11014 11015 11456 11455 
11015 11016 11457 11456 
11016 11017 11458 11457 
11017 11018 11459 11458 
11018 11019 11460 11459 
11019 11020 11461 11460 
11020 11021 11462 11461 
11021 11022 11463 11462 
11022 11023 11464 11463 
11023 11024 11465 11464 
11003 11444 11465 11024 
11025 11466 11467 11026 
11025 11046 11487 11466 
11026 11467 11468 11027 
11027 11468 11469 11028 
11028 11469 11470 11029 
11029 11470 11471 11030 
11030 11471 11472 11031 
11031 11472 11473 11032 
11032 11473 11474 11033 
11033 11474 11475 11034 
11034 11475 11476 11035 
11035 11476 11477 11036 
11036 11477 11478 11037 
11037 11478 11479 11038 
11038 11479 11480 11039 
11039 11480 11481 11040 
11040 11481 11482 11041 
11041 11482 11483 11042 
11042 11483 11484 11043 
11043 11484 11485 11044 
11044 11485 11486 11045 
11045 11486 11507 11066 
11046 11067 11508 11487 
11066 11507 11528 11087 
11067 11088 11529 11508 
11087 11528 11549 11108 
11088 11109 11550 11529 
11108 11549 11570 11129 
11109 11130 11571 11550 
11129 11570 11591 11150 
11130 11151 11592 11571 
11150 11591 11612 11171 
11151 11172 11613 11592 
11171 11612 11633 11192 
11172 11193 11634 11613 
11192 11633 11654 11213 
11193 11214 11655 11634 
11213 11654 11675 11234 
11214 11235 11676 11655 
11234 11675 11696 11255 
11235 11256 11697 11676 
11255 11696 11717 11276 
11256 11277 11718 11697 
11276 11717 11738 11297 
11277 11298 11739 11718 
11297 11738 11759 11318 
11298 11319 11760 11739 
11318 11759 11780 11339 
11319 11340 11781 11760 
11339 11780 11801 11360 
11340 11361 11802 11781 
11360 11801 11822 11381 
11361 11382 11823 11802 
11381 11822 11843 11402 
11382 11403 11844 11823 
11402 11843 11864 11423 
11403 11424 11865 11844 
11423 11864 11885 11444 
11445 11446 11887 11886 
11424 11445 11886 11865 
11446 11447 11888 11887 
11447 11448 11889 11888 
11448 11449 11890 11889 
11449 11450 11891 11890 
11450 11451 11892 11891 
11451 11452 11893 11892 
11452 11453 11894 11893 
11453 11454 11895 11894 
11454 11455 11896 11895 
11455 11456 11897 11896 
11456 11457 11898 11897 
11457 11458 11899 11898 
11458 11459 11900 11899 
11459 11460 11901 11900 
11460 11461 11902 11901 
11461 11462 11903 11902 
11462 11463 11904 11903 
11463 11464 11905 11904 
11464 11465 11906 11905 
11444 11885 11906 11465 
11466 11907 11908 11467 
11466 11487 11928 11907 
11467 11908 11909 11468 
11468 11909 11910 11469 
11469 11910 11911 11470 
11470 11911 11912 11471 
11471 11912 11913 11472 
11472 11913 11914 11473 
11473 11914 11915 11474 
11474 11915 11916 11475 
11475 11916 11917 11476 
11476 11917 11918 11477 
11477 11918 11919 11478 
11478 11919 11920 11479 
11479 11920 11921 11480 
11480 11921 11922 11481 
11481 11922 11923 11482 
11482 11923 11924 11483 
11483 11924 11925 11484 
11484 11925 11926 11485 
11485 11926 11927 11486 
11486 11927 11948 11507 
11487 11508 11949 11928 
11507 11948 11969 11528 
11508 11529 11970 11949 
11528 11969 11990 11549 
11529 11550 11991 11970 
11549 11990 12011 11570 
11550 11571 12012 11991 
11570 12011 12032 11591 
11571 11592 12033 12012 
11591 12032 12053 11612 
11592 11613 12054 12033 
11612 12053 12074 11633 
11613 11634 12075 12054 
11633 12074 12095 11654 
11634 11655 12096 12075 
11654 12095 12116 11675 
11655 11676 12117 12096 
11675 12116 12137 11696 
11676 11697 12138 12117 
11696 12137 12158 11717 
11697 11718 12159 12138 
11717 12158 12179 11738 
11718 11739 12180 12159 
11738 12179 12200 11759 
11739 11760 12201 12180 
11759 12200 12221 11780 
11760 11781 12222 12201 
11780 12221 12242 11801 
11781 11802 12243 12222 
11801 12242 12263 11822 
11802 11823 12264 12243 
11822 12263 12284 11843 
11823 11844 12285 12264 
11843 12284 12305 11864 
11844 11865 12306 12285 
11864 12305 12326 11885 
11886 11887 12328 12327 
11865 11886 12327 12306 
11887 11888 12329 12328 
11888 11889 12330 12329 
11889 11890 12331 12330 
11890 11891 12332 12331 
11891 11892 12333 12332 
11892 11893 12334 12333 
11893 11894 12335 12334 
11894 11895 12336 12335 
11895 11896 12337 12336 
11896 11897 12338 12337 
11897 11898 12339 12338 
11898 11899 12340 12339 
11899 11900 12341 12340 
11900 11901 12342 12341 
11901 11902 12343 12342 
11902 11903 12344 12343 
11903 11904 12345 12344 
11904 11905 12346 12345 
11905 11906 12347 12346 
11885 12326 12347 11906 
11907 12348 12349 11908 
11907 11928 12369 12348 
11908 12349 12350 11909 
11909 12350 12351 11910 
11910 12351 12352 11911 
11911 12352 12353 11912 
11912 12353 12354 11913 
11913 12354 12355 11914 
11914 12355 12356 11915 
11915 12356 12357 11916 
11916 12357 12358 11917 
11917 12358 12359 11918 
11918 12359 12360 11919 
11919 12360 12361 11920 
11920 12361 12362 11921 
11921 12362 12363 11922 
11922 12363 12364 11923 
11923 12364 12365 11924 
11924 12365 12366 11925 
11925 12366 12367 11926 
11926 12367 12368 11927 
11927 12368 12389 11948 
11928 11949 12390 12369 
11948 12389 12410 11969 
11949 11970 12411 12390 
11969 12410 12431 11990 
11970 11991 12432 12411 
11990 12431 12452 12011 
11991 12012 12453 12432 
12011 12452 12473 12032 
12012 12033 12474 12453 
12032 12473 12494 12053 
12033 12054 12495 12474 
12053 12494 12515 12074 
12054 12075 12516 12495 
12074 12515 12536 12095 
12075 12096 12537 12516 
12095 12536 12557 12116 
12096 12117 12558 12537 
12116 12557 12578 12137 
12117 12138 12579 12558 
12137 12578 12599 12158 
12138 12159 12600 12579 
12158 12599 12620 12179 
12159 12180 12621 12600 
12179 12620 12641 12200 
12180 12201 12642 12621 
12200 12641 12662 12221 
12201 12222 12663 12642 
12221 12662 12683 12242 
12222 12243 12684 12663 
12242 12683 12704 12263 
12243 12264 12705 12684 
12263 12704 12725 12284 
12264 12285 12726 12705 
12284 12725 12746 12305 
12285 12306 12747 12726 
12305 12746 12767 12326 
12327 12328 12769 12768 
12306 12327 12768 12747 
12328 12329 12770 12769 
12329 12330 12771 12770 
12330 12331 12772 12771 
12331 12332 12773 12772 
12332 12333 12774 12773 
12333 12334 12775 12774 
12334 12335 12776 12775 
12335 12336 12777 12776 
12336 12337 12778 12777 
12337 12338 12779 12778 
12338 12339 12780 12779 
12339 12340 12781 12780 
12340 12341 12782 12781 
12341 12342 12783 12782 
12342 12343 12784 12783 
12343 12344 12785 12784 
12344 12345 12786 12785 
12345 12346 12787 12786 
12346 12347 12788 12787 
12326 12767 12788 12347 
12348 12789 12790 12349 
12348 12369 12810 12789 
12349 12790 12791 12350 
12350 12791 12792 12351 
12351 12792 12793 12352 
12352 12793 12794 12353 
12353 12794 12795 12354 
12354 12795 12796 12355 
12355 12796 12797 12356 
12356 12797 12798 12357 
12357 12798 12799 12358 
12358 12799 12800 12359 
12359 12800 12801 12360 
12360 12801 12802 12361 
12361 12802 12803 12362 
12362 12803 12804 12363 
12363 12804 12805 12364 
12364 12805 12806 12365 
12365 12806 12807 12366 
12366 12807 12808 12367 
12367 12808 12809 12368 
12368 12809 12830 12389 
12369 12390 12831 12810 
12389 12830 12851 12410 
12390 12411 12852 12831 
12410 12851 12872 12431 
12411 12432 12873 12852 
12431 12872 12893 12452 
12432 12453 12894 12873 
12452 12893 12914 12473 
12453 12474 12915 12894 
12473 12914 12935 12494 
12474 12495 12936 12915 
12494 12935 12956 12515 
12495 12516 12957 12936 
12515 12956 12977 12536 
12516 12537 12978 12957 
12536 12977 12998 12557 
12537 12558 12999 12978 
12557 12998 13019 12578 
12558 12579 13020 12999 
12578 13019 13040 12599 
12579 12600 13041 13020 
12599 13040 13061 12620 
12600 12621 13062 13041 
12620 13061 13082 12641 
12621 12642 13083 13062 
12641 13082 13103 12662 
12642 12663 13104 13083 
12662 13103 13124 12683 
12663 12684 13125 13104 
12683 13124 13145 12704 
12684 12705 13146 13125 
12704 13145 13166 12725 
12705 12726 13167 13146 
12725 13166 13187 12746 
12726 12747 13188 13167 
12746 13187 13208 12767 
12768 12769 13210 13209 
12747 12768 13209 13188 
12769 12770 13211 13210 
12770 12771 13212 13211 
12771 12772 13213 13212 
12772 12773 13214 13213 
12773 12774 13215 13214 
12774 12775 13216 13215 
12775 12776 13217 13216 
12776 12777 13218 13217 
12777 12778 13219 13218 
12778 12779 13220 13219 
12779 12780 13221 13220 
12780 12781 13222 13221 
12781 12782 13223 13222 
12782 12783 13224 13223 
12783 12784 13225 13224 
12784 12785 13226 13225 
12785 12786 13227 13226 
12786 12787 13228 13227 
12787 12788 13229 13228 
12767 13208 13229 12788 
12789 13230 13231 12790 
12789 12810 13251 13230 
12790 13231 13232 12791 
12791 13232 13233 12792 
12792 13233 13234 12793 
12793 13234 13235 12794 
12794 13235 13236 12795 
12795 13236 13237 12796 
12796 13237 13238 12797 
12797 13238 13239 12798 
12798 13239 13240 12799 
12799 13240 13241 12800 
12800 13241 13242 12801 
12801 13242 13243 12802 
12802 13243 13244 12803 
12803 13244 13245 12804 
12804 13245 13246 12805 
12805 13246 13247 12806 
12806 13247 13248 12807 
12807 13248 13249 12808 
12808 13249 13250 12809 
12809 13250 13271 12830 
12810 12831 13272 13251 
12830 13271 13292 12851 
12831 12852 13293 13272 
12851 13292 13313 12872 
12852 12873 13314 13293 
12872 13313 13334 12893 
12873 12894 13335 13314 
12893 13334 13355 12914 
12894 12915 13356 13335 
12914 13355 13376 12935 
12915 12936 13377 13356 
12935 13376 13397 12956 
12936 12957 13398 13377 
12956 13397 13418 12977 
12957 12978 13419 13398 
12977 13418 13439 12998 
12978 12999 13440 13419 
12998 13439 13460 13019 
12999 13020 13461 13440 
13019 13460 13481 13040 
13020 13041 13482 13461 
13040 13481 13502 13061 
13041 13062 13503 13482 
13061 13502 13523 13082 
13062 13083 13524 13503 
13082 13523 13544 13103 
13083 13104 13545 13524 
13103 13544 13565 13124 
13104 13125 13566 13545 
13124 13565 13586 13145 
13125 13146 13587 13566 
13145 13586 13607 13166 
13146 13167 13608 13587 
13166 13607 13628 13187 
13167 13188 13629 13608 
13187 13628 13649 13208 
13209 13210 13651 13650 
13188 13209 13650 13629 
13210 13211 13652 13651 
13211 13212 13653 13652 
13212 13213 13654 13653 
13213 13214 13655 13654 
13214 13215 13656 13655 
13215 13216 13657 13656 
13216 13217 13658 13657 
13217 13218 13659 13658 
13218 13219 13660 13659 
13219 13220 13661 13660 
13220 13221 13662 13661 
13221 13222 13663 13662 
13222 13223 13664 13663 
13223 13224 13665 13664 
13224 13225 13666 13665 
13225 13226 13667 13666 
13226 13227 13668 13667 
13227 13228 13669 13668 
13228 13229 13670 13669 
13208 13649 13670 13229 
13230 13671 13672 13231 
13230 13251 13692 13671 
13231 13672 13673 13232 
13232 13673 13674 13233 
13233 13674 13675 13234 
13234 13675 13676 13235 
13235 13676 13677 13236 
13236 13677 13678 13237 
13237 13678 13679 13238 
13238 13679 13680 13239 
13239 13680 13681 13240 
13240 13681 13682 13241 
13241 13682 13683 13242 
13242 13683 13684 13243 
13243 13684 13685 13244 
13244 13685 13686 13245 
13245 13686 13687 13246 
13246 13687 13688 13247 
13247 13688 13689 13248 
13248 13689 13690 13249 
13249 13690 13691 13250 
13250 13691 13712 13271 
13251 13272 13713 13692 
13271 13712 13733 13292 
13272 13293 13734 13713 
13292 13733 13754 13313 
13293 13314 13755 13734 
13313 13754 13775 13334 
13314 13335 13776 13755 
13334 13775 13796 13355 
13335 13356 13797 13776 
13355 13796 13817 13376 
13356 13377 13818 13797 
13376 13817 13838 13397 
13377 13398 13839 13818 
13397 13838 13859 13418 
13398 13419 13860 13839 
13418 13859 13880 13439 
13419 13440 13881 13860 
13439 13880 13901 13460 
13440 13461 13902 13881 
13460 13901 13922 13481 
13461 13482 13923 13902 
13481 13922 13943 13502 
13482 13503 13944 13923 
13502 13943 13964 13523 
13503 13524 13965 13944 
13523 13964 13985 13544 
13524 13545 13986 13965 
13544 13985 14006 13565 
13545 13566 14007 13986 
13565 14006 14027 13586 
13566 13587 14028 14007 
13586 14027 14048 13607 
13587 13608 14049 14028 
13607 14048 14069 13628 
13608 13629 14070 14049 
13628 14069 14090 13649 
13650 13651 14092 14091 
13629 13650 14091 14070 
13651 13652 14093 14092 
13652 13653 14094 14093 
13653 13654 14095 14094 
13654 13655 14096 14095 
13655 13656 14097 14096 
13656 13657 14098 14097 
13657 13658 14099 14098 
13658 13659 14100 14099 
13659 13660 14101 14100 
13660 13661 14102 14101 
13661 13662 14103 14102 
13662 13663 14104 14103 
13663 13664 14105 14104 
13664 13665 14106 14105 
13665 13666 14107 14106 
13666 13667 14108 14107 
13667 13668 14109 14108 
13668 13669 14110 14109 
13669 13670 14111 14110 
13649 14090 14111 13670 
13671 14112 14113 13672 
13671 13692 14133 14112 
13672 14113 14114 13673 
13673 14114 14115 13674 
13674 14115 14116 13675 
13675 14116 14117 13676 
13676 14117 14118 13677 
13677 14118 14119 13678 
13678 14119 14120 13679 
13679 14120 14121 13680 
13680 14121 14122 13681 
13681 14122 14123 13682 
13682 14123 14124 13683 
13683 14124 14125 13684 
13684 14125 14126 13685 
13685 14126 14127 13686 
13686 14127 14128 13687 
13687 14128 14129 13688 
13688 14129 14130 13689 
13689 14130 14131 13690 
13690 14131 14132 13691 
13691 14132 14153 13712 
13692 13713 14154 14133 
13712 14153 14174 13733 
13713 13734 14175 14154 
13733 14174 14195 13754 
13734 13755 14196 14175 
13754 14195 14216 13775 
13755 13776 14217 14196 
13775 14216 14237 13796 
13776 13797 14238 14217 
13796 14237 14258 13817 
13797 13818 14259 14238 
13817 14258 14279 13838 
13818 13839 14280 14259 
13838 14279 14300 13859 
13839 13860 14301 14280 
13859 14300 14321 13880 
13860 13881 14322 14301 
13880 14321 14342 13901 
13881 13902 14343 14322 
13901 14342 14363 13922 
13902 13923 14364 14343 
13922 14363 14384 13943 
13923 13944 14385 14364 
13943 14384 14405 13964 
13944 13965 14406 14385 
13964 14405 14426 13985 
13965 13986 14427 14406 
13985 14426 14447 14006 
13986 14007 14448 14427 
14006 14447 14468 14027 
14007 14028 14469 14448 
14027 14468 14489 14048 
14028 14049 14490 14469 
14048 14489 14510 14069 
14049 14070 14511 14490 
14069 14510 14531 14090 
14091 14092 14533 14532 
14070 14091 14532 14511 
14092 14093 14534 14533 
14093 14094 14535 14534 
14094 14095 14536 14535 
14095 14096 14537 14536 
14096 14097 14538 14537 
14097 14098 14539 14538 
14098 14099 14540 14539 
14099 14100 14541 14540 
14100 14101 14542 14541 
14101 14102 14543 14542 
14102 14103 14544 14543 
14103 14104 14545 14544 
14104 14105 14546 14545 
14105 14106 14547 14546 
14106 14107 14548 14547 
14107 14108 14549 14548 
14108 14109 14550 14549 
14109 14110 14551 14550 
14110 14111 14552 14551 
14090 14531 14552 14111 
14112 14553 14554 14113 
14112 14133 14574 14553 
14113 14554 14555 14114 
14114 14555 14556 14115 
14115 14556 14557 14116 
14116 14557 14558 14117 
14117 14558 14559 14118 
14118 14559 14560 14119 
14119 14560 14561 14120 
14120 14561 14562 14121 
14121 14562 14563 14122 
14122 14563 14564 14123 
14123 14564 14565 14124 
14124 14565 14566 14125 
14125 14566 14567 14126 
14126 14567 14568 14127 
14127 14568 14569 14128 
14128 14569 14570 14129 
14129 14570 14571 14130 
14130 14571 14572 14131 
14131 14572 14573 14132 
14132 14573 14594 14153 
14133 14154 14595 14574 
14153 14594 14615 14174 
14154 14175 14616 14595 
14174 14615 14636 14195 
14175 14196 14637 14616 
14195 14636 14657 14216 
14196 14217 14658 14637 
14216 14657 14678 14237 
14217 14238 14679 14658 
14237 14678 14699 14258 
14238 14259 14700 14679 
14258 14699 14720 14279 
14259 14280 14721 14700 
14279 14720 14741 14300 
14280 14301 14742 14721 
14300 14741 14762 14321 
14301 14322 14763 14742 
14321 14762 14783 14342 
14322 14343 14784 14763 
14342 14783 14804 14363 
14343 14364 14805 14784 
14363 14804 14825 14384 
14364 14385 14826 14805 
14384 14825 14846 14405 
14385 14406 14847 14826 
14405 14846 14867 14426 
14406 14427 14868 14847 
14426 14867 14888 14447 
14427 14448 14889 14868 
14447 14888 14909 14468 
14448 14469 14910 14889 
14468 14909 14930 14489 
14469 14490 14931 14910 
14489 14930 14951 14510 
14490 14511 14952 14931 
14510 14951 14972 14531 
14532 14533 14974 14973 
14511 14532 14973 14952 
14533 14534 14975 14974 
14534 14535 14976 14975 
14535 14536 14977 14976 
14536 14537 14978 14977 
14537 14538 14979 14978 
14538 14539 14980 14979 
14539 14540 14981 14980 
14540 14541 14982 14981 
14541 14542 14983 14982 
14542 14543 14984 14983 
14543 14544 14985 14984 
14544 14545 14986 14985 
14545 14546 14987 14986 
14546 14547 14988 14987 
14547 14548 14989 14988 
14548 14549 14990 14989 
14549 14550 14991 14990 
14550 14551 14992 14991 
14551 14552 14993 14992 
14531 14972 14993 14552 
14553 14994 14995 14554 
14553 14574 15015 14994 
14554 14995 14996 14555 
14555 14996 14997 14556 
14556 14997 14998 14557 
14557 14998 14999 14558 
14558 14999 15000 14559 
14559 15000 15001 14560 
14560 15001 15002 14561 
14561 15002 15003 14562 
14562 15003 15004 14563 
14563 15004 15005 14564 
14564 15005 15006 14565 
14565 15006 15007 14566 
14566 15007 15008 14567 
14567 15008 15009 14568 
14568 15009 15010 14569 
14569 15010 15011 14570 
14570 15011 15012 14571 
14571 15012 15013 14572 
14572 15013 15014 14573 
14573 15014 15035 14594 
14574 14595 15036 15015 
14594 15035 15056 14615 
14595 14616 15057 15036 
14615 15056 15077 14636 
14616 14637 15078 15057 
14636 15077 15098 14657 
14637 14658 15099 15078 
14657 15098 15119 14678 
14658 14679 15120 15099 
14678 15119 15140 14699 
14679 14700 15141 15120 
14699 15140 15161 14720 
14700 14721 15162 15141 
14720 15161 15182 14741 
14721 14742 15183 15162 
14741 15182 15203 14762 
14742 14763 15204 15183 
14762 15203 15224 14783 
14763 14784 15225 15204 
14783 15224 15245 14804 
14784 14805 15246 15225 
14804 15245 15266 14825 
14805 14826 15267 15246 
14825 15266 15287 14846 
14826 14847 15288 15267 
14846 15287 15308 14867 
14847 14868 15309 15288 
14867 15308 15329 14888 
14868 14889 15330 15309 
14888 15329 15350 14909 
14889 14910 15351 15330 
14909 15350 15371 14930 
14910 14931 15372 15351 
14930 15371 15392 14951 
14931 14952 15393 15372 
14951 15392 15413 14972 
14973 14974 15415 15414 
14952 14973 15414 15393 
14974 14975 15416 15415 
14975 14976 15417 15416 
14976 14977 15418 15417 
14977 14978 15419 15418 
14978 14979 15420 15419 
14979 14980 15421 15420 
14980 14981 15422 15421 
14981 14982 15423 15422 
14982 14983 15424 15423 
14983 14984 15425 15424 
14984 14985 15426 15425 
14985 14986 15427 15426 
14986 14987 15428 15427 
14987 14988 15429 15428 
14988 14989 15430 15429 
14989 14990 15431 15430 
14990 14991 15432 15431 
14991 14992 15433 15432 
14992 14993 15434 15433 
14972 15413 15434 14993 
14994 15435 15436 14995 
14994 15015 15456 15435 
14995 15436 15437 14996 
14996 15437 15438 14997 
14997 15438 15439 14998 
14998 15439 15440 14999 
14999 15440 15441 15000 
15000 15441 15442 15001 
15001 15442 15443 15002 
15002 15443 15444 15003 
15003 15444 15445 15004 
15004 15445 15446 15005 
15005 15446 15447 15006 
15006 15447 15448 15007 
15007 15448 15449 15008 
15008 15449 15450 15009 
15009 15450 15451 15010 
15010 15451 15452 15011 
15011 15452 15453 15012 
15012 15453 15454 15013 
15013 15454 15455 15014 
15014 15455 15476 15035 
15015 15036 15477 15456 
15035 15476 15497 15056 
15036 15057 15498 15477 
15056 15497 15518 15077 
15057 15078 15519 15498 
15077 15518 15539 15098 
15078 15099 15540 15519 
15098 15539 15560 15119 
15099 15120 15561 15540 
15119 15560 15581 15140 
15120 15141 15582 15561 
15140 15581 15602 15161 
15141 15162 15603 15582 
15161 15602 15623 15182 
15162 15183 15624 15603 
15182 15623 15644 15203 
15183 15204 15645 15624 
15203 15644 15665 15224 
15204 15225 15666 15645 
15224 15665 15686 15245 
15225 15246 15687 15666 
15245 15686 15707 15266 
15246 15267 15708 15687 
15266 15707 15728 15287 
15267 15288 15729 15708 
15287 15728 15749 15308 
15288 15309 15750 15729 
15308 15749 15770 15329 
15309 15330 15771 15750 
15329 15770 15791 15350 
15330 15351 15792 15771 
15350 15791 15812 15371 
15351 15372 15813 15792 
15371 15812 15833 15392 
15372 15393 15834 15813 
15392 15833 15854 15413 
15414 15415 15856 15855 
15393 15414 15855 15834 
15415 15416 15857 15856 
15416 15417 15858 15857 
15417 15418 15859 15858 
15418 15419 15860 15859 
15419 15420 15861 15860 
15420 15421 15862 15861 
15421 15422 15863 15862 
15422 15423 15864 15863 
15423 15424 15865 15864 
15424 15425 15866 15865 
15425 15426 15867 15866 
15426 15427 15868 15867 
15427 15428 15869 15868 
15428 15429 15870 15869 
15429 15430 15871 15870 
15430 15431 15872 15871 
15431 15432 15873 15872 
15432 15433 15874 15873 
15433 15434 15875 15874 
15413 15854 15875 15434 
15435 15876 15877 15436 
15435 15456 15897 15876 
15436 15877 15878 15437 
15437 15878 15879 15438 
15438 15879 15880 15439 
15439 15880 15881 15440 
15440 15881 15882 15441 
15441 15882 15883 15442 
15442 15883 15884 15443 
15443 15884 15885 15444 
15444 15885 15886 15445 
15445 15886 15887 15446 
15446 15887 15888 15447 
15447 15888 15889 15448 
15448 15889 15890 15449 
15449 15890 15891 15450 
15450 15891 15892 15451 
15451 15892 15893 15452 
15452 15893 15894 15453 
15453 15894 15895 15454 
15454 15895 15896 15455 
15455 15896 15917 15476 
15456 15477 15918 15897 
15476 15917 15938 15497 
15477 15498 15939 15918 
15497 15938 15959 15518 
15498 15519 15960 15939 
15518 15959 15980 15539 
15519 15540 15981 15960 
15539 15980 16001 15560 
15540 15561 16002 15981 
15560 16001 16022 15581 
15561 15582 16023 16002 
15581 16022 16043 15602 
15582 15603 16044 16023 
15602 16043 16064 15623 
15603 15624 16065 16044 
15623 16064 16085 15644 
15624 15645 16086 16065 
15644 16085 16106 15665 
15645 15666 16107 16086 
15665 16106 16127 15686 
15666 15687 16128 16107 
15686 16127 16148 15707 
15687 15708 16149 16128 
15707 16148 16169 15728 
15708 15729 16170 16149 
15728 16169 16190 15749 
15729 15750 16191 16170 
15749 16190 16211 15770 
15750 15771 16212 16191 
15770 16211 16232 15791 
15771 15792 16233 16212 
15791 16232 16253 15812 
15792 15813 16254 16233 
15812 16253 16274 15833 
15813 15834 16275 16254 
15833 16274 16295 15854 
15855 15856 16297 16296 
15834 15855 16296 16275 
15856 15857 16298 16297 
15857 15858 16299 16298 
15858 15859 16300 16299 
15859 15860 16301 16300 
15860 15861 16302 16301 
15861 15862 16303 16302 
15862 15863 16304 16303 
15863 15864 16305 16304 
15864 15865 16306 16305 
15865 15866 16307 16306 
15866 15867 16308 16307 
15867 15868 16309 16308 
15868 15869 16310 16309 
15869 15870 16311 16310 
15870 15871 16312 16311 
15871 15872 16313 16312 
15872 15873 16314 16313 
15873 15874 16315 16314 
15874 15875 16316 16315 
15854 16295 16316 15875 
15876 16317 16318 15877 
15876 15897 16338 16317 
15877 16318 16319 15878 
15878 16319 16320 15879 
15879 16320 16321 15880 
15880 16321 16322 15881 
15881 16322 16323 15882 
15882 16323 16324 15883 
15883 16324 16325 15884 
15884 16325 16326 15885 
15885 16326 16327 15886 
15886 16327 16328 15887 
15887 16328 16329 15888 
15888 16329 16330 15889 
15889 16330 16331 15890 
15890 16331 16332 15891 
15891 16332 16333 15892 
15892 16333 16334 15893 
15893 16334 16335 15894 
15894 16335 16336 15895 
15895 16336 16337 15896 
15896 16337 16358 15917 
15897 15918 16359 16338 
15917 16358 16379 15938 
15918 15939 16380 16359 
15938 16379 16400 15959 
15939 15960 16401 16380 
15959 16400 16421 15980 
15960 15981 16422 16401 
15980 16421 16442 16001 
15981 16002 16443 16422 
16001 16442 16463 16022 
16002 16023 16464 16443 
16022 16463 16484 16043 
16023 16044 16485 16464 
16043 16484 16505 16064 
16044 16065 16506 16485 
16064 16505 16526 16085 
16065 16086 16527 16506 
16085 16526 16547 16106 
16086 16107 16548 16527 
16106 16547 16568 16127 
16107 16128 16569 16548 
16127 16568 16589 16148 
16128 16149 16590 16569 
16148 16589 16610 16169 
16149 16170 16611 16590 
16169 16610 16631 16190 
16170 16191 16632 16611 
16190 16631 16652 16211 
16191 16212 16653 16632 
16211 16652 16673 16232 
16212 16233 16674 16653 
16232 16673 16694 16253 
16233 16254 16695 16674 
16253 16694 16715 16274 
16254 16275 16716 16695 
16274 16715 16736 16295 
16296 16297 16738 16737 
16275 16296 16737 16716 
16297 16298 16739 16738 
16298 16299 16740 16739 
16299 16300 16741 16740 
16300 16301 16742 16741 
16301 16302 16743 16742 
16302 16303 16744 16743 
16303 16304 16745 16744 
16304 16305 16746 16745 
16305 16306 16747 16746 
16306 16307 16748 16747 
16307 16308 16749 16748 
16308 16309 16750 16749 
16309 16310 16751 16750 
16310 16311 16752 16751 
16311 16312 16753 16752 
16312 16313 16754 16753 
16313 16314 16755 16754 
16314 16315 16756 16755 
16315 16316 16757 16756 
16295 16736 16757 16316 
16317 16758 16759 16318 
16317 16338 16779 16758 
16318 16759 16760 16319 
16319 16760 16761 16320 
16320 16761 16762 16321 
16321 16762 16763 16322 
16322 16763 16764 16323 
16323 16764 16765 16324 
16324 16765 16766 16325 
16325 16766 16767 16326 
16326 16767 16768 16327 
16327 16768 16769 16328 
16328 16769 16770 16329 
16329 16770 16771 16330 
16330 16771 16772 16331 
16331 16772 16773 16332 
16332 16773 16774 16333 
16333 16774 16775 16334 
16334 16775 16776 16335 
16335 16776 16777 16336 
16336 16777 16778 16337 
16337 16778 16799 16358 
16338 16359 16800 16779 
16358 16799 16820 16379 
16359 16380 16821 16800 
16379 16820 16841 16400 
16380 16401 16842 16821 
16400 16841 16862 16421 
16401 16422 16863 16842 
16421 16862 16883 16442 
16422 16443 16884 16863 
16442 16883 16904 16463 
16443 16464 16905 16884 
16463 16904 16925 16484 
16464 16485 16926 16905 
16484 16925 16946 16505 
16485 16506 16947 16926 
16505 16946 16967 16526 
16506 16527 16968 16947 
16526 16967 16988 16547 
16527 16548 16989 16968 
16547 16988 17009 16568 
16548 16569 17010 16989 
16568 17009 17030 16589 
16569 16590 17031 17010 
16589 17030 17051 16610 
16590 16611 17052 17031 
16610 17051 17072 16631 
16611 16632 17073 17052 
16631 17072 17093 16652 
16632 16653 17094 17073 
16652 17093 17114 16673 
16653 16674 17115 17094 
16673 17114 17135 16694 
16674 16695 17136 17115 
16694 17135 17156 16715 
16695 16716 17157 17136 
16715 17156 17177 16736 
16737 16738 17179 17178 
16716 16737 17178 17157 
16738 16739 17180 17179 
16739 16740 17181 17180 
16740 16741 17182 17181 
16741 16742 17183 17182 
16742 16743 17184 17183 
16743 16744 17185 17184 
16744 16745 17186 17185 
16745 16746 17187 17186 
16746 16747 17188 17187 
16747 16748 17189 17188 
16748 16749 17190 17189 
16749 16750 17191 17190 
16750 16751 17192 17191 
16751 16752 17193 17192 
16752 16753 17194 17193 
16753 16754 17195 17194 
16754 16755 17196 17195 
16755 16756 17197 17196 
16756 16757 17198 17197 
16736 17177 17198 16757 
16758 17199 17200 16759 
16758 16779 17220 17199 
16759 17200 17201 16760 
16760 17201 17202 16761 
16761 17202 17203 16762 
16762 17203 17204 16763 
16763 17204 17205 16764 
16764 17205 17206 16765 
16765 17206 17207 16766 
16766 17207 17208 16767 
16767 17208 17209 16768 
16768 17209 17210 16769 
16769 17210 17211 16770 
16770 17211 17212 16771 
16771 17212 17213 16772 
16772 17213 17214 16773 
16773 17214 17215 16774 
16774 17215 17216 16775 
16775 17216 17217 16776 
16776 17217 17218 16777 
16777 17218 17219 16778 
16778 17219 17240 16799 
16779 16800 17241 17220 
16799 17240 17261 16820 
16800 16821 17262 17241 
16820 17261 17282 16841 
16821 16842 17283 17262 
16841 17282 17303 16862 
16842 16863 17304 17283 
16862 17303 17324 16883 
16863 16884 17325 17304 
16883 17324 17345 16904 
16884 16905 17346 17325 
16904 17345 17366 16925 
16905 16926 17367 17346 
16925 17366 17387 16946 
16926 16947 17388 17367 
16946 17387 17408 16967 
16947 16968 17409 17388 
16967 17408 17429 16988 
16968 16989 17430 17409 
16988 17429 17450 17009 
16989 17010 17451 17430 
17009 17450 17471 17030 
17010 17031 17472 17451 
17030 17471 17492 17051 
17031 17052 17493 17472 
17051 17492 17513 17072 
17052 17073 17514 17493 
17072 17513 17534 17093 
17073 17094 17535 17514 
17093 17534 17555 17114 
17094 17115 17556 17535 
17114 17555 17576 17135 
17115 17136 17577 17556 
17135 17576 17597 17156 
17136 17157 17598 17577 
17156 17597 17618 17177 
17178 17179 17620 17619 
17157 17178 17619 17598 
17179 17180 17621 17620 
17180 17181 17622 17621 
17181 17182 17623 17622 
17182 17183 17624 17623 
17183 17184 17625 17624 
17184 17185 17626 17625 
17185 17186 17627 17626 
17186 17187 17628 17627 
17187 17188 17629 17628 
17188 17189 17630 17629 
17189 17190 17631 17630 
17190 17191 17632 17631 
17191 17192 17633 17632 
17192 17193 17634 17633 
17193 17194 17635 17634 
17194 17195 17636 17635 
17195 17196 17637 17636 
17196 17197 17638 17637 
17197 17198 17639 17638 
17177 17618 17639 17198 
17640 17661 17662 17641 
17199 17640 17641 17200 
17199 17220 17661 17640 
17641 17662 17663 17642 
17200 17641 17642 17201 
17642 17663 17664 17643 
17201 17642 17643 17202 
17643 17664 17665 17644 
17202 17643 17644 17203 
17644 17665 17666 17645 
17203 17644 17645 17204 
17645 17666 17667 17646 
17204 17645 17646 17205 
17646 17667 17668 17647 
17205 17646 17647 17206 
17647 17668 17669 17648 
17206 17647 17648 17207 
17648 17669 17670 17649 
17207 17648 17649 17208 
17649 17670 17671 17650 
17208 17649 17650 17209 
17650 17671 17672 17651 
17209 17650 17651 17210 
17651 17672 17673 17652 
17210 17651 17652 17211 
17652 17673 17674 17653 
17211 17652 17653 17212 
17653 17674 17675 17654 
17212 17653 17654 17213 
17654 17675 17676 17655 
17213 17654 17655 17214 
17655 17676 17677 17656 
17214 17655 17656 17215 
17656 17677 17678 17657 
17215 17656 17657 17216 
17657 17678 17679 17658 
17216 17657 17658 17217 
17658 17679 17680 17659 
17217 17658 17659 17218 
17659 17680 17681 17660 
17218 17659 17660 17219 
17219 17660 17681 17240 
17661 17682 17683 17662 
17220 17241 17682 17661 
17662 17683 17684 17663 
17663 17684 17685 17664 
17664 17685 17686 17665 
17665 17686 17687 17666 
17666 17687 17688 17667 
17667 17688 17689 17668 
17668 17689 17690 17669 
17669 17690 17691 17670 
17670 17691 17692 17671 
17671 17692 17693 17672 
17672 17693 17694 17673 
17673 17694 17695 17674 
17674 17695 17696 17675 
17675 17696 17697 17676 
17676 17697 17698 17677 
17677 17698 17699 17678 
17678 17699 17700 17679 
17679 17700 17701 17680 
17680 17701 17702 17681 
17240 17681 17702 17261 
17682 17703 17704 17683 
17241 17262 17703 17682 
17683 17704 17705 17684 
17684 17705 17706 17685 
17685 17706 17707 17686 
17686 17707 17708 17687 
17687 17708 17709 17688 
17688 17709 17710 17689 
17689 17710 17711 17690 
17690 17711 17712 17691 
17691 17712 17713 17692 
17692 17713 17714 17693 
17693 17714 17715 17694 
17694 17715 17716 17695 
17695 17716 17717 17696 
17696 17717 17718 17697 
17697 17718 17719 17698 
17698 17719 17720 17699 
17699 17720 17721 17700 
17700 17721 17722 17701 
17701 17722 17723 17702 
17261 17702 17723 17282 
17703 17724 17725 17704 
17262 17283 17724 17703 
17704 17725 17726 17705 
17705 17726 17727 17706 
17706 17727 17728 17707 
17707 17728 17729 17708 
17708 17729 17730 17709 
17709 17730 17731 17710 
17710 17731 17732 17711 
17711 17732 17733 17712 
17712 17733 17734 17713 
17713 17734 17735 17714 
17714 17735 17736 17715 
17715 17736 17737 17716 
17716 17737 17738 17717 
17717 17738 17739 17718 
17718 17739 17740 17719 
17719 17740 17741 17720 
17720 17741 17742 17721 
17721 17742 17743 17722 
17722 17743 17744 17723 
17282 17723 17744 17303 
17724 17745 17746 17725 
17283 17304 17745 17724 
17725 17746 17747 17726 
17726 17747 17748 17727 
17727 17748 17749 17728 
17728 17749 17750 17729 
17729 17750 17751 17730 
17730 17751 17752 17731 
17731 17752 17753 17732 
17732 17753 17754 17733 
17733 17754 17755 17734 
17734 17755 17756 17735 
17735 17756 17757 17736 
17736 17757 17758 17737 
17737 17758 17759 17738 
17738 17759 17760 17739 
17739 17760 17761 17740 
17740 17761 17762 17741 
17741 17762 17763 17742 
17742 17763 17764 17743 
17743 17764 17765 17744 
17303 17744 17765 17324 
17745 17766 17767 17746 
17304 17325 17766 17745 
17746 17767 17768 17747 
17747 17768 17769 17748 
17748 17769 17770 17749 
17749 17770 17771 17750 
17750 17771 17772 17751 
17751 17772 17773 17752 
17752 17773 17774 17753 
17753 17774 17775 17754 
17754 17775 17776 17755 
17755 17776 17777 17756 
17756 17777 17778 17757 
17757 17778 17779 17758 
17758 17779 17780 17759 
17759 17780 17781 17760 
17760 17781 17782 17761 
17761 17782 17783 17762 
17762 17783 17784 17763 
17763 17784 17785 17764 
17764 17785 17786 17765 
17324 17765 17786 17345 
17766 17787 17788 17767 
17325 17346 17787 17766 
17767 17788 17789 17768 
17768 17789 17790 17769 
17769 17790 17791 17770 
17770 17791 17792 17771 
17771 17792 17793 17772 
17772 17793 17794 17773 
17773 17794 17795 17774 
17774 17795 17796 17775 
17775 17796 17797 17776 
17776 17797 17798 17777 
17777 17798 17799 17778 
17778 17799 17800 17779 
17779 17800 17801 17780 
17780 17801 17802 17781 
17781 17802 17803 17782 
17782 17803 17804 17783 
17783 17804 17805 17784 
17784 17805 17806 17785 
17785 17806 17807 17786 
17345 17786 17807 17366 
17787 17808 17809 17788 
17346 17367 17808 17787 
17788 17809 17810 17789 
17789 17810 17811 17790 
17790 17811 17812 17791 
17791 17812 17813 17792 
17792 17813 17814 17793 
17793 17814 17815 17794 
17794 17815 17816 17795 
17795 17816 17817 17796 
17796 17817 17818 17797 
17797 17818 17819 17798 
17798 17819 17820 17799 
17799 17820 17821 17800 
17800 17821 17822 17801 
17801 17822 17823 17802 
17802 17823 17824 17803 
17803 17824 17825 17804 
17804 17825 17826 17805 
17805 17826 17827 17806 
17806 17827 17828 17807 
17366 17807 17828 17387 
17808 17829 17830 17809 
17367 17388 17829 17808 
17809 17830 17831 17810 
17810 17831 17832 17811 
17811 17832 17833 17812 
17812 17833 17834 17813 
17813 17834 17835 17814 
17814 17835 17836 17815 
17815 17836 17837 17816 
17816 17837 17838 17817 
17817 17838 17839 17818 
17818 17839 17840 17819 
17819 17840 17841 17820 
17820 17841 17842 17821 
17821 17842 17843 17822 
17822 17843 17844 17823 
17823 17844 17845 17824 
17824 17845 17846 17825 
17825 17846 17847 17826 
17826 17847 17848 17827 
17827 17848 17849 17828 
17387 17828 17849 17408 
17829 17850 17851 17830 
17388 17409 17850 17829 
17830 17851 17852 17831 
17831 17852 17853 17832 
17832 17853 17854 17833 
17833 17854 17855 17834 
17834 17855 17856 17835 
17835 17856 17857 17836 
17836 17857 17858 17837 
17837 17858 17859 17838 
17838 17859 17860 17839 
17839 17860 17861 17840 
17840 17861 17862 17841 
17841 17862 17863 17842 
17842 17863 17864 17843 
17843 17864 17865 17844 
17844 17865 17866 17845 
17845 17866 17867 17846 
17846 17867 17868 17847 
17847 17868 17869 17848 
17848 17869 17870 17849 
17408 17849 17870 17429 
17850 17871 17872 17851 
17409 17430 17871 17850 
17851 17872 17873 17852 
17852 17873 17874 17853 
17853 17874 17875 17854 
17854 17875 17876 17855 
17855 17876 17877 17856 
17856 17877 17878 17857 
17857 17878 17879 17858 
17858 17879 17880 17859 
17859 17880 17881 17860 
17860 17881 17882 17861 
17861 17882 17883 17862 
17862 17883 17884 17863 
17863 17884 17885 17864 
17864 17885 17886 17865 
17865 17886 17887 17866 
17866 17887 17888 17867 
17867 17888 17889 17868 
17868 17889 17890 17869 
17869 17890 17891 17870 
17429 17870 17891 17450 
17871 17892 17893 17872 
17430 17451 17892 17871 
17872 17893 17894 17873 
17873 17894 17895 17874 
17874 17895 17896 17875 
17875 17896 17897 17876 
17876 17897 17898 17877 
17877 17898 17899 17878 
17878 17899 17900 17879 
17879 17900 17901 17880 
17880 17901 17902 17881 
17881 17902 17903 17882 
17882 17903 17904 17883 
17883 17904 17905 17884 
17884 17905 17906 17885 
17885 17906 17907 17886 
17886 17907 17908 17887 
17887 17908 17909 17888 
17888 17909 17910 17889 
17889 17910 17911 17890 
17890 17911 17912 17891 
17450 17891 17912 17471 
17892 17913 17914 17893 
17451 17472 17913 17892 
17893 17914 17915 17894 
17894 17915 17916 17895 
17895 17916 17917 17896 
17896 17917 17918 17897 
17897 17918 17919 17898 
17898 17919 17920 17899 
17899 17920 17921 17900 
17900 17921 17922 17901 
17901 17922 17923 17902 
17902 17923 17924 17903 
17903 17924 17925 17904 
17904 17925 17926 17905 
17905 17926 17927 17906 
17906 17927 17928 17907 
17907 17928 17929 17908 
17908 17929 17930 17909 
17909 17930 17931 17910 
17910 17931 17932 17911 
17911 17932 17933 17912 
17471 17912 17933 17492 
17913 17934 17935 17914 
17472 17493 17934 17913 
17914 17935 17936 17915 
17915 17936 17937 17916 
17916 17937 17938 17917 
17917 17938 17939 17918 
17918 17939 17940 17919 
17919 17940 17941 17920 
17920 17941 17942 17921 
17921 17942 17943 17922 
17922 17943 17944 17923 
17923 17944 17945 17924 
17924 17945 17946 17925 
17925 17946 17947 17926 
17926 17947 17948 17927 
17927 17948 17949 17928 
17928 17949 17950 17929 
17929 17950 17951 17930 
17930 17951 17952 17931 
17931 17952 17953 17932 
17932 17953 17954 17933 
17492 17933 17954 17513 
17934 17955 17956 17935 
17493 17514 17955 17934 
17935 17956 17957 17936 
17936 17957 17958 17937 
17937 17958 17959 17938 
17938 17959 17960 17939 
17939 17960 17961 17940 
17940 17961 17962 17941 
17941 17962 17963 17942 
17942 17963 17964 17943 
17943 17964 17965 17944 
17944 17965 17966 17945 
17945 17966 17967 17946 
17946 17967 17968 17947 
17947 17968 17969 17948 
17948 17969 17970 17949 
17949 17970 17971 17950 
17950 17971 17972 17951 
17951 17972 17973 17952 
17952 17973 17974 17953 
17953 17974 17975 17954 
17513 17954 17975 17534 
17955 17976 17977 17956 
17514 17535 17976 17955 
17956 17977 17978 17957 
17957 17978 17979 17958 
17958 17979 17980 17959 
17959 17980 17981 17960 
17960 17981 17982 17961 
17961 17982 17983 17962 
17962 17983 17984 17963 
17963 17984 17985 17964 
17964 17985 17986 17965 
17965 17986 17987 17966 
17966 17987 17988 17967 
17967 17988 17989 17968 
17968 17989 17990 17969 
17969 17990 17991 17970 
17970 17991 17992 17971 
17971 17992 17993 17972 
17972 17993 17994 17973 
17973 17994 17995 17974 
17974 17995 17996 17975 
17534 17975 17996 17555 
17976 17997 17998 17977 
17535 17556 17997 17976 
17977 17998 17999 17978 
17978 17999 18000 17979 
17979 18000 18001 17980 
17980 18001 18002 17981 
17981 18002 18003 17982 
17982 18003 18004 17983 
17983 18004 18005 17984 
17984 18005 18006 17985 
17985 18006 18007 17986 
17986 18007 18008 17987 
17987 18008 18009 17988 
17988 18009 18010 17989 
17989 18010 18011 17990 
17990 18011 18012 17991 
17991 18012 18013 17992 
17992 18013 18014 17993 
17993 18014 18015 17994 
17994 18015 18016 17995 
17995 18016 18017 17996 
17555 17996 18017 17576 
17997 18018 18019 17998 
17556 17577 18018 17997 
17998 18019 18020 17999 
17999 18020 18021 18000 
18000 18021 18022 18001 
18001 18022 18023 18002 
18002 18023 18024 18003 
18003 18024 18025 18004 
18004 18025 18026 18005 
18005 18026 18027 18006 
18006 18027 18028 18007 
18007 18028 18029 18008 
18008 18029 18030 18009 
18009 18030 18031 18010 
18010 18031 18032 18011 
18011 18032 18033 18012 
18012 18033 18034 18013 
18013 18034 18035 18014 
18014 18035 18036 18015 
18015 18036 18037 18016 
18016 18037 18038 18017 
17576 18017 18038 17597 
18018 18039 18040 18019 
17577 17598 18039 18018 
18019 18040 18041 18020 
18020 18041 18042 18021 
18021 18042 18043 18022 
18022 18043 18044 18023 
18023 18044 18045 18024 
18024 18045 18046 18025 
18025 18046 18047 18026 
18026 18047 18048 18027 
18027 18048 18049 18028 
18028 18049 18050 18029 
18029 18050 18051 18030 
18030 18051 18052 18031 
18031 18052 18053 18032 
18032 18053 18054 18033 
18033 18054 18055 18034 
18034 18055 18056 18035 
18035 18056 18057 18036 
18036 18057 18058 18037 
18037 18058 18059 18038 
17597 18038 18059 17618 
18039 18060 18061 18040 
17619 17620 18061 18060 
17598 17619 18060 18039 
18040 18061 18062 18041 
17620 17621 18062 18061 
18041 18062 18063 18042 
17621 17622 18063 18062 
18042 18063 18064 18043 
17622 17623 18064 18063 
18043 18064 18065 18044 
17623 17624 18065 18064 
18044 18065 18066 18045 
17624 17625 18066 18065 
18045 18066 18067 18046 
17625 17626 18067 18066 
18046 18067 18068 18047 
17626 17627 18068 18067 
18047 18068 18069 18048 
17627 17628 18069 18068 
18048 18069 18070 18049 
17628 17629 18070 18069 
18049 18070 18071 18050 
17629 17630 18071 18070 
18050 18071 18072 18051 
17630 17631 18072 18071 
18051 18072 18073 18052 
17631 17632 18073 18072 
18052 18073 18074 18053 
17632 17633 18074 18073 
18053 18074 18075 18054 
17633 17634 18075 18074 
18054 18075 18076 18055 
17634 17635 18076 18075 
18055 18076 18077 18056 
17635 17636 18077 18076 
18056 18077 18078 18057 
17636 17637 18078 18077 
18057 18078 18079 18058 
17637 17638 18079 18078 
18058 18079 18080 18059 
17638 17639 18080 18079 
17618 18059 18080 17639 
