960 8
0 1 42 41 82 83 124 123 
1 2 43 42 83 84 125 124 
2 3 44 43 84 85 126 125 
3 4 45 44 85 86 127 126 
4 5 46 45 86 87 128 127 
5 6 47 46 87 88 129 128 
6 7 48 47 88 89 130 129 
7 8 49 48 89 90 131 130 
8 9 50 49 90 91 132 131 
9 10 51 50 91 92 133 132 
10 11 52 51 92 93 134 133 
11 12 53 52 93 94 135 134 
12 13 54 53 94 95 136 135 
13 14 55 54 95 96 137 136 
14 15 56 55 96 97 138 137 
15 16 57 56 97 98 139 138 
16 17 58 57 98 99 140 139 
17 18 59 58 99 100 141 140 
18 19 60 59 100 101 142 141 
19 20 61 60 101 102 143 142 
20 21 62 61 102 103 144 143 
21 22 63 62 103 104 145 144 
22 23 64 63 104 105 146 145 
23 24 65 64 105 106 147 146 
24 25 66 65 106 107 148 147 
25 26 67 66 107 108 149 148 
26 27 68 67 108 109 150 149 
27 28 69 68 109 110 151 150 
28 29 70 69 110 111 152 151 
29 30 71 70 111 112 153 152 
30 31 72 71 112 113 154 153 
31 32 73 72 113 114 155 154 
32 33 74 73 114 115 156 155 
33 34 75 74 115 116 157 156 
34 35 76 75 116 117 158 157 
35 36 77 76 117 118 159 158 
36 37 78 77 118 119 160 159 
37 38 79 78 119 120 161 160 
38 39 80 79 120 121 162 161 
39 40 81 80 121 122 163 162 
82 83 124 123 164 165 206 205 
83 84 125 124 165 166 207 206 
84 85 126 125 166 167 208 207 
85 86 127 126 167 168 209 208 
86 87 128 127 168 169 210 209 
87 88 129 128 169 170 211 210 
88 89 130 129 170 171 212 211 
89 90 131 130 171 172 213 212 
90 91 132 131 172 173 214 213 
91 92 133 132 173 174 215 214 
92 93 134 133 174 175 216 215 
93 94 135 134 175 176 217 216 
94 95 136 135 176 177 218 217 
95 96 137 136 177 178 219 218 
96 97 138 137 178 179 220 219 
97 98 139 138 179 180 221 220 
98 99 140 139 180 181 222 221 
99 100 141 140 181 182 223 222 
100 101 142 141 182 183 224 223 
101 102 143 142 183 184 225 224 
102 103 144 143 184 185 226 225 
103 104 145 144 185 186 227 226 
104 105 146 145 186 187 228 227 
105 106 147 146 187 188 229 228 
106 107 148 147 188 189 230 229 
107 108 149 148 189 190 231 230 
108 109 150 149 190 191 232 231 
109 110 151 150 191 192 233 232 
110 111 152 151 192 193 234 233 
111 112 153 152 193 194 235 234 
112 113 154 153 194 195 236 235 
113 114 155 154 195 196 237 236 
114 115 156 155 196 197 238 237 
115 116 157 156 197 198 239 238 
116 117 158 157 198 199 240 239 
117 118 159 158 199 200 241 240 
118 119 160 159 200 201 242 241 
119 120 161 160 201 202 243 242 
120 121 162 161 202 203 244 243 
121 122 163 162 203 204 245 244 
164 165 206 205 246 247 288 287 
165 166 207 206 247 248 289 288 
166 167 208 207 248 249 290 289 
167 168 209 208 249 250 291 290 
168 169 210 209 250 251 292 291 
169 170 211 210 251 252 293 292 
170 171 212 211 252 253 294 293 
171 172 213 212 253 254 295 294 
172 173 214 213 254 255 296 295 
173 174 215 214 255 256 297 296 
174 175 216 215 256 257 298 297 
175 176 217 216 257 258 299 298 
176 177 218 217 258 259 300 299 
177 178 219 218 259 260 301 300 
178 179 220 219 260 261 302 301 
179 180 221 220 261 262 303 302 
180 181 222 221 262 263 304 303 
181 182 223 222 263 264 305 304 
182 183 224 223 264 265 306 305 
183 184 225 224 265 266 307 306 
184 185 226 225 266 267 308 307 
185 186 227 226 267 268 309 308 
186 187 228 227 268 269 310 309 
187 188 229 228 269 270 311 310 
188 189 230 229 270 271 312 311 
189 190 231 230 271 272 313 312 
190 191 232 231 272 273 314 313 
191 192 233 232 273 274 315 314 
192 193 234 233 274 275 316 315 
193 194 235 234 275 276 317 316 
194 195 236 235 276 277 318 317 
195 196 237 236 277 278 319 318 
196 197 238 237 278 279 320 319 
197 198 239 238 279 280 321 320 
198 199 240 239 280 281 322 321 
199 200 241 240 281 282 323 322 
200 201 242 241 282 283 324 323 
201 202 243 242 283 284 325 324 
202 203 244 243 284 285 326 325 
203 204 245 244 285 286 327 326 
246 247 288 287 328 329 370 369 
247 248 289 288 329 330 371 370 
248 249 290 289 330 331 372 371 
249 250 291 290 331 332 373 372 
250 251 292 291 332 333 374 373 
251 252 293 292 333 334 375 374 
252 253 294 293 334 335 376 375 
253 254 295 294 335 336 377 376 
254 255 296 295 336 337 378 377 
255 256 297 296 337 338 379 378 
256 257 298 297 338 339 380 379 
257 258 299 298 339 340 381 380 
258 259 300 299 340 341 382 381 
259 260 301 300 341 342 383 382 
260 261 302 301 342 343 384 383 
261 262 303 302 343 344 385 384 
262 263 304 303 344 345 386 385 
263 264 305 304 345 346 387 386 
264 265 306 305 346 347 388 387 
265 266 307 306 347 348 389 388 
266 267 308 307 348 349 390 389 
267 268 309 308 349 350 391 390 
268 269 310 309 350 351 392 391 
269 270 311 310 351 352 393 392 
270 271 312 311 352 353 394 393 
271 272 313 312 353 354 395 394 
272 273 314 313 354 355 396 395 
273 274 315 314 355 356 397 396 
274 275 316 315 356 357 398 397 
275 276 317 316 357 358 399 398 
276 277 318 317 358 359 400 399 
277 278 319 318 359 360 401 400 
278 279 320 319 360 361 402 401 
279 280 321 320 361 362 403 402 
280 281 322 321 362 363 404 403 
281 282 323 322 363 364 405 404 
282 283 324 323 364 365 406 405 
283 284 325 324 365 366 407 406 
284 285 326 325 366 367 408 407 
285 286 327 326 367 368 409 408 
328 329 370 369 410 411 452 451 
329 330 371 370 411 412 453 452 
330 331 372 371 412 413 454 453 
331 332 373 372 413 414 455 454 
332 333 374 373 414 415 456 455 
333 334 375 374 415 416 457 456 
334 335 376 375 416 417 458 457 
335 336 377 376 417 418 459 458 
336 337 378 377 418 419 460 459 
337 338 379 378 419 420 461 460 
338 339 380 379 420 421 462 461 
339 340 381 380 421 422 463 462 
340 341 382 381 422 423 464 463 
341 342 383 382 423 424 465 464 
342 343 384 383 424 425 466 465 
343 344 385 384 425 426 467 466 
344 345 386 385 426 427 468 467 
345 346 387 386 427 428 469 468 
346 347 388 387 428 429 470 469 
347 348 389 388 429 430 471 470 
348 349 390 389 430 431 472 471 
349 350 391 390 431 432 473 472 
350 351 392 391 432 433 474 473 
351 352 393 392 433 434 475 474 
352 353 394 393 434 435 476 475 
353 354 395 394 435 436 477 476 
354 355 396 395 436 437 478 477 
355 356 397 396 437 438 479 478 
356 357 398 397 438 439 480 479 
357 358 399 398 439 440 481 480 
358 359 400 399 440 441 482 481 
359 360 401 400 441 442 483 482 
360 361 402 401 442 443 484 483 
361 362 403 402 443 444 485 484 
362 363 404 403 444 445 486 485 
363 364 405 404 445 446 487 486 
364 365 406 405 446 447 488 487 
365 366 407 406 447 448 489 488 
366 367 408 407 448 449 490 489 
367 368 409 408 449 450 491 490 
410 411 452 451 492 493 534 533 
411 412 453 452 493 494 535 534 
412 413 454 453 494 495 536 535 
413 414 455 454 495 496 537 536 
414 415 456 455 496 497 538 537 
415 416 457 456 497 498 539 538 
416 417 458 457 498 499 540 539 
417 418 459 458 499 500 541 540 
418 419 460 459 500 501 542 541 
419 420 461 460 501 502 543 542 
420 421 462 461 502 503 544 543 
421 422 463 462 503 504 545 544 
422 423 464 463 504 505 546 545 
423 424 465 464 505 506 547 546 
424 425 466 465 506 507 548 547 
425 426 467 466 507 508 549 548 
426 427 468 467 508 509 550 549 
427 428 469 468 509 510 551 550 
428 429 470 469 510 511 552 551 
429 430 471 470 511 512 553 552 
430 431 472 471 512 513 554 553 
431 432 473 472 513 514 555 554 
432 433 474 473 514 515 556 555 
433 434 475 474 515 516 557 556 
434 435 476 475 516 517 558 557 
435 436 477 476 517 518 559 558 
436 437 478 477 518 519 560 559 
437 438 479 478 519 520 561 560 
438 439 480 479 520 521 562 561 
439 440 481 480 521 522 563 562 
440 441 482 481 522 523 564 563 
441 442 483 482 523 524 565 564 
442 443 484 483 524 525 566 565 
443 444 485 484 525 526 567 566 
444 445 486 485 526 527 568 567 
445 446 487 486 527 528 569 568 
446 447 488 487 528 529 570 569 
447 448 489 488 529 530 571 570 
448 449 490 489 530 531 572 571 
449 450 491 490 531 532 573 572 
492 493 534 533 574 575 616 615 
493 494 535 534 575 576 617 616 
494 495 536 535 576 577 618 617 
495 496 537 536 577 578 619 618 
496 497 538 537 578 579 620 619 
497 498 539 538 579 580 621 620 
498 499 540 539 580 581 622 621 
499 500 541 540 581 582 623 622 
500 501 542 541 582 583 624 623 
501 502 543 542 583 584 625 624 
502 503 544 543 584 585 626 625 
503 504 545 544 585 586 627 626 
504 505 546 545 586 587 628 627 
505 506 547 546 587 588 629 628 
506 507 548 547 588 589 630 629 
507 508 549 548 589 590 631 630 
508 509 550 549 590 591 632 631 
509 510 551 550 591 592 633 632 
510 511 552 551 592 593 634 633 
511 512 553 552 593 594 635 634 
512 513 554 553 594 595 636 635 
513 514 555 554 595 596 637 636 
514 515 556 555 596 597 638 637 
515 516 557 556 597 598 639 638 
516 517 558 557 598 599 640 639 
517 518 559 558 599 600 641 640 
518 519 560 559 600 601 642 641 
519 520 561 560 601 602 643 642 
520 521 562 561 602 603 644 643 
521 522 563 562 603 604 645 644 
522 523 564 563 604 605 646 645 
523 524 565 564 605 606 647 646 
524 525 566 565 606 607 648 647 
525 526 567 566 607 608 649 648 
526 527 568 567 608 609 650 649 
527 528 569 568 609 610 651 650 
528 529 570 569 610 611 652 651 
529 530 571 570 611 612 653 652 
530 531 572 571 612 613 654 653 
531 532 573 572 613 614 655 654 
574 575 616 615 656 657 698 697 
575 576 617 616 657 658 699 698 
576 577 618 617 658 659 700 699 
577 578 619 618 659 660 701 700 
578 579 620 619 660 661 702 701 
579 580 621 620 661 662 703 702 
580 581 622 621 662 663 704 703 
581 582 623 622 663 664 705 704 
582 583 624 623 664 665 706 705 
583 584 625 624 665 666 707 706 
584 585 626 625 666 667 708 707 
585 586 627 626 667 668 709 708 
586 587 628 627 668 669 710 709 
587 588 629 628 669 670 711 710 
588 589 630 629 670 671 712 711 
589 590 631 630 671 672 713 712 
590 591 632 631 672 673 714 713 
591 592 633 632 673 674 715 714 
592 593 634 633 674 675 716 715 
593 594 635 634 675 676 717 716 
594 595 636 635 676 677 718 717 
595 596 637 636 677 678 719 718 
596 597 638 637 678 679 720 719 
597 598 639 638 679 680 721 720 
598 599 640 639 680 681 722 721 
599 600 641 640 681 682 723 722 
600 601 642 641 682 683 724 723 
601 602 643 642 683 684 725 724 
602 603 644 643 684 685 726 725 
603 604 645 644 685 686 727 726 
604 605 646 645 686 687 728 727 
605 606 647 646 687 688 729 728 
606 607 648 647 688 689 730 729 
607 608 649 648 689 690 731 730 
608 609 650 649 690 691 732 731 
609 610 651 650 691 692 733 732 
610 611 652 651 692 693 734 733 
611 612 653 652 693 694 735 734 
612 613 654 653 694 695 736 735 
613 614 655 654 695 696 737 736 
656 657 698 697 738 739 780 779 
657 658 699 698 739 740 781 780 
658 659 700 699 740 741 782 781 
659 660 701 700 741 742 783 782 
660 661 702 701 742 743 784 783 
661 662 703 702 743 744 785 784 
662 663 704 703 744 745 786 785 
663 664 705 704 745 746 787 786 
664 665 706 705 746 747 788 787 
665 666 707 706 747 748 789 788 
666 667 708 707 748 749 790 789 
667 668 709 708 749 750 791 790 
668 669 710 709 750 751 792 791 
669 670 711 710 751 752 793 792 
670 671 712 711 752 753 794 793 
671 672 713 712 753 754 795 794 
672 673 714 713 754 755 796 795 
673 674 715 714 755 756 797 796 
674 675 716 715 756 757 798 797 
675 676 717 716 757 758 799 798 
676 677 718 717 758 759 800 799 
677 678 719 718 759 760 801 800 
678 679 720 719 760 761 802 801 
679 680 721 720 761 762 803 802 
680 681 722 721 762 763 804 803 
681 682 723 722 763 764 805 804 
682 683 724 723 764 765 806 805 
683 684 725 724 765 766 807 806 
684 685 726 725 766 767 808 807 
685 686 727 726 767 768 809 808 
686 687 728 727 768 769 810 809 
687 688 729 728 769 770 811 810 
688 689 730 729 770 771 812 811 
689 690 731 730 771 772 813 812 
690 691 732 731 772 773 814 813 
691 692 733 732 773 774 815 814 
692 693 734 733 774 775 816 815 
693 694 735 734 775 776 817 816 
694 695 736 735 776 777 818 817 
695 696 737 736 777 778 819 818 
738 739 780 779 820 821 862 861 
739 740 781 780 821 822 863 862 
740 741 782 781 822 823 864 863 
741 742 783 782 823 824 865 864 
742 743 784 783 824 825 866 865 
743 744 785 784 825 826 867 866 
744 745 786 785 826 827 868 867 
745 746 787 786 827 828 869 868 
746 747 788 787 828 829 870 869 
747 748 789 788 829 830 871 870 
748 749 790 789 830 831 872 871 
749 750 791 790 831 832 873 872 
750 751 792 791 832 833 874 873 
751 752 793 792 833 834 875 874 
752 753 794 793 834 835 876 875 
753 754 795 794 835 836 877 876 
754 755 796 795 836 837 878 877 
755 756 797 796 837 838 879 878 
756 757 798 797 838 839 880 879 
757 758 799 798 839 840 881 880 
758 759 800 799 840 841 882 881 
759 760 801 800 841 842 883 882 
760 761 802 801 842 843 884 883 
761 762 803 802 843 844 885 884 
762 763 804 803 844 845 886 885 
763 764 805 804 845 846 887 886 
764 765 806 805 846 847 888 887 
765 766 807 806 847 848 889 888 
766 767 808 807 848 849 890 889 
767 768 809 808 849 850 891 890 
768 769 810 809 850 851 892 891 
769 770 811 810 851 852 893 892 
770 771 812 811 852 853 894 893 
771 772 813 812 853 854 895 894 
772 773 814 813 854 855 896 895 
773 774 815 814 855 856 897 896 
774 775 816 815 856 857 898 897 
775 776 817 816 857 858 899 898 
776 777 818 817 858 859 900 899 
777 778 819 818 859 860 901 900 
820 821 862 861 902 903 944 943 
821 822 863 862 903 904 945 944 
822 823 864 863 904 905 946 945 
823 824 865 864 905 906 947 946 
824 825 866 865 906 907 948 947 
825 826 867 866 907 908 949 948 
826 827 868 867 908 909 950 949 
827 828 869 868 909 910 951 950 
828 829 870 869 910 911 952 951 
829 830 871 870 911 912 953 952 
830 831 872 871 912 913 954 953 
831 832 873 872 913 914 955 954 
832 833 874 873 914 915 956 955 
833 834 875 874 915 916 957 956 
834 835 876 875 916 917 958 957 
835 836 877 876 917 918 959 958 
836 837 878 877 918 919 960 959 
837 838 879 878 919 920 961 960 
838 839 880 879 920 921 962 961 
839 840 881 880 921 922 963 962 
840 841 882 881 922 923 964 963 
841 842 883 882 923 924 965 964 
842 843 884 883 924 925 966 965 
843 844 885 884 925 926 967 966 
844 845 886 885 926 927 968 967 
845 846 887 886 927 928 969 968 
846 847 888 887 928 929 970 969 
847 848 889 888 929 930 971 970 
848 849 890 889 930 931 972 971 
849 850 891 890 931 932 973 972 
850 851 892 891 932 933 974 973 
851 852 893 892 933 934 975 974 
852 853 894 893 934 935 976 975 
853 854 895 894 935 936 977 976 
854 855 896 895 936 937 978 977 
855 856 897 896 937 938 979 978 
856 857 898 897 938 939 980 979 
857 858 899 898 939 940 981 980 
858 859 900 899 940 941 982 981 
859 860 901 900 941 942 983 982 
902 903 944 943 984 985 1026 1025 
903 904 945 944 985 986 1027 1026 
904 905 946 945 986 987 1028 1027 
905 906 947 946 987 988 1029 1028 
906 907 948 947 988 989 1030 1029 
907 908 949 948 989 990 1031 1030 
908 909 950 949 990 991 1032 1031 
909 910 951 950 991 992 1033 1032 
910 911 952 951 992 993 1034 1033 
911 912 953 952 993 994 1035 1034 
912 913 954 953 994 995 1036 1035 
913 914 955 954 995 996 1037 1036 
914 915 956 955 996 997 1038 1037 
915 916 957 956 997 998 1039 1038 
916 917 958 957 998 999 1040 1039 
917 918 959 958 999 1000 1041 1040 
918 919 960 959 1000 1001 1042 1041 
919 920 961 960 1001 1002 1043 1042 
920 921 962 961 1002 1003 1044 1043 
921 922 963 962 1003 1004 1045 1044 
922 923 964 963 1004 1005 1046 1045 
923 924 965 964 1005 1006 1047 1046 
924 925 966 965 1006 1007 1048 1047 
925 926 967 966 1007 1008 1049 1048 
926 927 968 967 1008 1009 1050 1049 
927 928 969 968 1009 1010 1051 1050 
928 929 970 969 1010 1011 1052 1051 
929 930 971 970 1011 1012 1053 1052 
930 931 972 971 1012 1013 1054 1053 
931 932 973 972 1013 1014 1055 1054 
932 933 974 973 1014 1015 1056 1055 
933 934 975 974 1015 1016 1057 1056 
934 935 976 975 1016 1017 1058 1057 
935 936 977 976 1017 1018 1059 1058 
936 937 978 977 1018 1019 1060 1059 
937 938 979 978 1019 1020 1061 1060 
938 939 980 979 1020 1021 1062 1061 
939 940 981 980 1021 1022 1063 1062 
940 941 982 981 1022 1023 1064 1063 
941 942 983 982 1023 1024 1065 1064 
984 985 1026 1025 1066 1067 1108 1107 
985 986 1027 1026 1067 1068 1109 1108 
986 987 1028 1027 1068 1069 1110 1109 
987 988 1029 1028 1069 1070 1111 1110 
988 989 1030 1029 1070 1071 1112 1111 
989 990 1031 1030 1071 1072 1113 1112 
990 991 1032 1031 1072 1073 1114 1113 
991 992 1033 1032 1073 1074 1115 1114 
992 993 1034 1033 1074 1075 1116 1115 
993 994 1035 1034 1075 1076 1117 1116 
994 995 1036 1035 1076 1077 1118 1117 
995 996 1037 1036 1077 1078 1119 1118 
996 997 1038 1037 1078 1079 1120 1119 
997 998 1039 1038 1079 1080 1121 1120 
998 999 1040 1039 1080 1081 1122 1121 
999 1000 1041 1040 1081 1082 1123 1122 
1000 1001 1042 1041 1082 1083 1124 1123 
1001 1002 1043 1042 1083 1084 1125 1124 
1002 1003 1044 1043 1084 1085 1126 1125 
1003 1004 1045 1044 1085 1086 1127 1126 
1004 1005 1046 1045 1086 1087 1128 1127 
1005 1006 1047 1046 1087 1088 1129 1128 
1006 1007 1048 1047 1088 1089 1130 1129 
1007 1008 1049 1048 1089 1090 1131 1130 
1008 1009 1050 1049 1090 1091 1132 1131 
1009 1010 1051 1050 1091 1092 1133 1132 
1010 1011 1052 1051 1092 1093 1134 1133 
1011 1012 1053 1052 1093 1094 1135 1134 
1012 1013 1054 1053 1094 1095 1136 1135 
1013 1014 1055 1054 1095 1096 1137 1136 
1014 1015 1056 1055 1096 1097 1138 1137 
1015 1016 1057 1056 1097 1098 1139 1138 
1016 1017 1058 1057 1098 1099 1140 1139 
1017 1018 1059 1058 1099 1100 1141 1140 
1018 1019 1060 1059 1100 1101 1142 1141 
1019 1020 1061 1060 1101 1102 1143 1142 
1020 1021 1062 1061 1102 1103 1144 1143 
1021 1022 1063 1062 1103 1104 1145 1144 
1022 1023 1064 1063 1104 1105 1146 1145 
1023 1024 1065 1064 1105 1106 1147 1146 
1066 1067 1108 1107 1148 1149 1190 1189 
1067 1068 1109 1108 1149 1150 1191 1190 
1068 1069 1110 1109 1150 1151 1192 1191 
1069 1070 1111 1110 1151 1152 1193 1192 
1070 1071 1112 1111 1152 1153 1194 1193 
1071 1072 1113 1112 1153 1154 1195 1194 
1072 1073 1114 1113 1154 1155 1196 1195 
1073 1074 1115 1114 1155 1156 1197 1196 
1074 1075 1116 1115 1156 1157 1198 1197 
1075 1076 1117 1116 1157 1158 1199 1198 
1076 1077 1118 1117 1158 1159 1200 1199 
1077 1078 1119 1118 1159 1160 1201 1200 
1078 1079 1120 1119 1160 1161 1202 1201 
1079 1080 1121 1120 1161 1162 1203 1202 
1080 1081 1122 1121 1162 1163 1204 1203 
1081 1082 1123 1122 1163 1164 1205 1204 
1082 1083 1124 1123 1164 1165 1206 1205 
1083 1084 1125 1124 1165 1166 1207 1206 
1084 1085 1126 1125 1166 1167 1208 1207 
1085 1086 1127 1126 1167 1168 1209 1208 
1086 1087 1128 1127 1168 1169 1210 1209 
1087 1088 1129 1128 1169 1170 1211 1210 
1088 1089 1130 1129 1170 1171 1212 1211 
1089 1090 1131 1130 1171 1172 1213 1212 
1090 1091 1132 1131 1172 1173 1214 1213 
1091 1092 1133 1132 1173 1174 1215 1214 
1092 1093 1134 1133 1174 1175 1216 1215 
1093 1094 1135 1134 1175 1176 1217 1216 
1094 1095 1136 1135 1176 1177 1218 1217 
1095 1096 1137 1136 1177 1178 1219 1218 
1096 1097 1138 1137 1178 1179 1220 1219 
1097 1098 1139 1138 1179 1180 1221 1220 
1098 1099 1140 1139 1180 1181 1222 1221 
1099 1100 1141 1140 1181 1182 1223 1222 
1100 1101 1142 1141 1182 1183 1224 1223 
1101 1102 1143 1142 1183 1184 1225 1224 
1102 1103 1144 1143 1184 1185 1226 1225 
1103 1104 1145 1144 1185 1186 1227 1226 
1104 1105 1146 1145 1186 1187 1228 1227 
1105 1106 1147 1146 1187 1188 1229 1228 
1148 1149 1190 1189 1230 1231 1272 1271 
1149 1150 1191 1190 1231 1232 1273 1272 
1150 1151 1192 1191 1232 1233 1274 1273 
1151 1152 1193 1192 1233 1234 1275 1274 
1152 1153 1194 1193 1234 1235 1276 1275 
1153 1154 1195 1194 1235 1236 1277 1276 
1154 1155 1196 1195 1236 1237 1278 1277 
1155 1156 1197 1196 1237 1238 1279 1278 
1156 1157 1198 1197 1238 1239 1280 1279 
1157 1158 1199 1198 1239 1240 1281 1280 
1158 1159 1200 1199 1240 1241 1282 1281 
1159 1160 1201 1200 1241 1242 1283 1282 
1160 1161 1202 1201 1242 1243 1284 1283 
1161 1162 1203 1202 1243 1244 1285 1284 
1162 1163 1204 1203 1244 1245 1286 1285 
1163 1164 1205 1204 1245 1246 1287 1286 
1164 1165 1206 1205 1246 1247 1288 1287 
1165 1166 1207 1206 1247 1248 1289 1288 
1166 1167 1208 1207 1248 1249 1290 1289 
1167 1168 1209 1208 1249 1250 1291 1290 
1168 1169 1210 1209 1250 1251 1292 1291 
1169 1170 1211 1210 1251 1252 1293 1292 
1170 1171 1212 1211 1252 1253 1294 1293 
1171 1172 1213 1212 1253 1254 1295 1294 
1172 1173 1214 1213 1254 1255 1296 1295 
1173 1174 1215 1214 1255 1256 1297 1296 
1174 1175 1216 1215 1256 1257 1298 1297 
1175 1176 1217 1216 1257 1258 1299 1298 
1176 1177 1218 1217 1258 1259 1300 1299 
1177 1178 1219 1218 1259 1260 1301 1300 
1178 1179 1220 1219 1260 1261 1302 1301 
1179 1180 1221 1220 1261 1262 1303 1302 
1180 1181 1222 1221 1262 1263 1304 1303 
1181 1182 1223 1222 1263 1264 1305 1304 
1182 1183 1224 1223 1264 1265 1306 1305 
1183 1184 1225 1224 1265 1266 1307 1306 
1184 1185 1226 1225 1266 1267 1308 1307 
1185 1186 1227 1226 1267 1268 1309 1308 
1186 1187 1228 1227 1268 1269 1310 1309 
1187 1188 1229 1228 1269 1270 1311 1310 
1230 1231 1272 1271 1312 1313 1354 1353 
1231 1232 1273 1272 1313 1314 1355 1354 
1232 1233 1274 1273 1314 1315 1356 1355 
1233 1234 1275 1274 1315 1316 1357 1356 
1234 1235 1276 1275 1316 1317 1358 1357 
1235 1236 1277 1276 1317 1318 1359 1358 
1236 1237 1278 1277 1318 1319 1360 1359 
1237 1238 1279 1278 1319 1320 1361 1360 
1238 1239 1280 1279 1320 1321 1362 1361 
1239 1240 1281 1280 1321 1322 1363 1362 
1240 1241 1282 1281 1322 1323 1364 1363 
1241 1242 1283 1282 1323 1324 1365 1364 
1242 1243 1284 1283 1324 1325 1366 1365 
1243 1244 1285 1284 1325 1326 1367 1366 
1244 1245 1286 1285 1326 1327 1368 1367 
1245 1246 1287 1286 1327 1328 1369 1368 
1246 1247 1288 1287 1328 1329 1370 1369 
1247 1248 1289 1288 1329 1330 1371 1370 
1248 1249 1290 1289 1330 1331 1372 1371 
1249 1250 1291 1290 1331 1332 1373 1372 
1250 1251 1292 1291 1332 1333 1374 1373 
1251 1252 1293 1292 1333 1334 1375 1374 
1252 1253 1294 1293 1334 1335 1376 1375 
1253 1254 1295 1294 1335 1336 1377 1376 
1254 1255 1296 1295 1336 1337 1378 1377 
1255 1256 1297 1296 1337 1338 1379 1378 
1256 1257 1298 1297 1338 1339 1380 1379 
1257 1258 1299 1298 1339 1340 1381 1380 
1258 1259 1300 1299 1340 1341 1382 1381 
1259 1260 1301 1300 1341 1342 1383 1382 
1260 1261 1302 1301 1342 1343 1384 1383 
1261 1262 1303 1302 1343 1344 1385 1384 
1262 1263 1304 1303 1344 1345 1386 1385 
1263 1264 1305 1304 1345 1346 1387 1386 
1264 1265 1306 1305 1346 1347 1388 1387 
1265 1266 1307 1306 1347 1348 1389 1388 
1266 1267 1308 1307 1348 1349 1390 1389 
1267 1268 1309 1308 1349 1350 1391 1390 
1268 1269 1310 1309 1350 1351 1392 1391 
1269 1270 1311 1310 1351 1352 1393 1392 
1312 1313 1354 1353 1394 1395 1436 1435 
1313 1314 1355 1354 1395 1396 1437 1436 
1314 1315 1356 1355 1396 1397 1438 1437 
1315 1316 1357 1356 1397 1398 1439 1438 
1316 1317 1358 1357 1398 1399 1440 1439 
1317 1318 1359 1358 1399 1400 1441 1440 
1318 1319 1360 1359 1400 1401 1442 1441 
1319 1320 1361 1360 1401 1402 1443 1442 
1320 1321 1362 1361 1402 1403 1444 1443 
1321 1322 1363 1362 1403 1404 1445 1444 
1322 1323 1364 1363 1404 1405 1446 1445 
1323 1324 1365 1364 1405 1406 1447 1446 
1324 1325 1366 1365 1406 1407 1448 1447 
1325 1326 1367 1366 1407 1408 1449 1448 
1326 1327 1368 1367 1408 1409 1450 1449 
1327 1328 1369 1368 1409 1410 1451 1450 
1328 1329 1370 1369 1410 1411 1452 1451 
1329 1330 1371 1370 1411 1412 1453 1452 
1330 1331 1372 1371 1412 1413 1454 1453 
1331 1332 1373 1372 1413 1414 1455 1454 
1332 1333 1374 1373 1414 1415 1456 1455 
1333 1334 1375 1374 1415 1416 1457 1456 
1334 1335 1376 1375 1416 1417 1458 1457 
1335 1336 1377 1376 1417 1418 1459 1458 
1336 1337 1378 1377 1418 1419 1460 1459 
1337 1338 1379 1378 1419 1420 1461 1460 
1338 1339 1380 1379 1420 1421 1462 1461 
1339 1340 1381 1380 1421 1422 1463 1462 
1340 1341 1382 1381 1422 1423 1464 1463 
1341 1342 1383 1382 1423 1424 1465 1464 
1342 1343 1384 1383 1424 1425 1466 1465 
1343 1344 1385 1384 1425 1426 1467 1466 
1344 1345 1386 1385 1426 1427 1468 1467 
1345 1346 1387 1386 1427 1428 1469 1468 
1346 1347 1388 1387 1428 1429 1470 1469 
1347 1348 1389 1388 1429 1430 1471 1470 
1348 1349 1390 1389 1430 1431 1472 1471 
1349 1350 1391 1390 1431 1432 1473 1472 
1350 1351 1392 1391 1432 1433 1474 1473 
1351 1352 1393 1392 1433 1434 1475 1474 
1394 1395 1436 1435 1476 1477 1518 1517 
1395 1396 1437 1436 1477 1478 1519 1518 
1396 1397 1438 1437 1478 1479 1520 1519 
1397 1398 1439 1438 1479 1480 1521 1520 
1398 1399 1440 1439 1480 1481 1522 1521 
1399 1400 1441 1440 1481 1482 1523 1522 
1400 1401 1442 1441 1482 1483 1524 1523 
1401 1402 1443 1442 1483 1484 1525 1524 
1402 1403 1444 1443 1484 1485 1526 1525 
1403 1404 1445 1444 1485 1486 1527 1526 
1404 1405 1446 1445 1486 1487 1528 1527 
1405 1406 1447 1446 1487 1488 1529 1528 
1406 1407 1448 1447 1488 1489 1530 1529 
1407 1408 1449 1448 1489 1490 1531 1530 
1408 1409 1450 1449 1490 1491 1532 1531 
1409 1410 1451 1450 1491 1492 1533 1532 
1410 1411 1452 1451 1492 1493 1534 1533 
1411 1412 1453 1452 1493 1494 1535 1534 
1412 1413 1454 1453 1494 1495 1536 1535 
1413 1414 1455 1454 1495 1496 1537 1536 
1414 1415 1456 1455 1496 1497 1538 1537 
1415 1416 1457 1456 1497 1498 1539 1538 
1416 1417 1458 1457 1498 1499 1540 1539 
1417 1418 1459 1458 1499 1500 1541 1540 
1418 1419 1460 1459 1500 1501 1542 1541 
1419 1420 1461 1460 1501 1502 1543 1542 
1420 1421 1462 1461 1502 1503 1544 1543 
1421 1422 1463 1462 1503 1504 1545 1544 
1422 1423 1464 1463 1504 1505 1546 1545 
1423 1424 1465 1464 1505 1506 1547 1546 
1424 1425 1466 1465 1506 1507 1548 1547 
1425 1426 1467 1466 1507 1508 1549 1548 
1426 1427 1468 1467 1508 1509 1550 1549 
1427 1428 1469 1468 1509 1510 1551 1550 
1428 1429 1470 1469 1510 1511 1552 1551 
1429 1430 1471 1470 1511 1512 1553 1552 
1430 1431 1472 1471 1512 1513 1554 1553 
1431 1432 1473 1472 1513 1514 1555 1554 
1432 1433 1474 1473 1514 1515 1556 1555 
1433 1434 1475 1474 1515 1516 1557 1556 
1476 1477 1518 1517 1558 1559 1600 1599 
1477 1478 1519 1518 1559 1560 1601 1600 
1478 1479 1520 1519 1560 1561 1602 1601 
1479 1480 1521 1520 1561 1562 1603 1602 
1480 1481 1522 1521 1562 1563 1604 1603 
1481 1482 1523 1522 1563 1564 1605 1604 
1482 1483 1524 1523 1564 1565 1606 1605 
1483 1484 1525 1524 1565 1566 1607 1606 
1484 1485 1526 1525 1566 1567 1608 1607 
1485 1486 1527 1526 1567 1568 1609 1608 
1486 1487 1528 1527 1568 1569 1610 1609 
1487 1488 1529 1528 1569 1570 1611 1610 
1488 1489 1530 1529 1570 1571 1612 1611 
1489 1490 1531 1530 1571 1572 1613 1612 
1490 1491 1532 1531 1572 1573 1614 1613 
1491 1492 1533 1532 1573 1574 1615 1614 
1492 1493 1534 1533 1574 1575 1616 1615 
1493 1494 1535 1534 1575 1576 1617 1616 
1494 1495 1536 1535 1576 1577 1618 1617 
1495 1496 1537 1536 1577 1578 1619 1618 
1496 1497 1538 1537 1578 1579 1620 1619 
1497 1498 1539 1538 1579 1580 1621 1620 
1498 1499 1540 1539 1580 1581 1622 1621 
1499 1500 1541 1540 1581 1582 1623 1622 
1500 1501 1542 1541 1582 1583 1624 1623 
1501 1502 1543 1542 1583 1584 1625 1624 
1502 1503 1544 1543 1584 1585 1626 1625 
1503 1504 1545 1544 1585 1586 1627 1626 
1504 1505 1546 1545 1586 1587 1628 1627 
1505 1506 1547 1546 1587 1588 1629 1628 
1506 1507 1548 1547 1588 1589 1630 1629 
1507 1508 1549 1548 1589 1590 1631 1630 
1508 1509 1550 1549 1590 1591 1632 1631 
1509 1510 1551 1550 1591 1592 1633 1632 
1510 1511 1552 1551 1592 1593 1634 1633 
1511 1512 1553 1552 1593 1594 1635 1634 
1512 1513 1554 1553 1594 1595 1636 1635 
1513 1514 1555 1554 1595 1596 1637 1636 
1514 1515 1556 1555 1596 1597 1638 1637 
1515 1516 1557 1556 1597 1598 1639 1638 
1558 1559 1600 1599 1640 1641 1682 1681 
1559 1560 1601 1600 1641 1642 1683 1682 
1560 1561 1602 1601 1642 1643 1684 1683 
1561 1562 1603 1602 1643 1644 1685 1684 
1562 1563 1604 1603 1644 1645 1686 1685 
1563 1564 1605 1604 1645 1646 1687 1686 
1564 1565 1606 1605 1646 1647 1688 1687 
1565 1566 1607 1606 1647 1648 1689 1688 
1566 1567 1608 1607 1648 1649 1690 1689 
1567 1568 1609 1608 1649 1650 1691 1690 
1568 1569 1610 1609 1650 1651 1692 1691 
1569 1570 1611 1610 1651 1652 1693 1692 
1570 1571 1612 1611 1652 1653 1694 1693 
1571 1572 1613 1612 1653 1654 1695 1694 
1572 1573 1614 1613 1654 1655 1696 1695 
1573 1574 1615 1614 1655 1656 1697 1696 
1574 1575 1616 1615 1656 1657 1698 1697 
1575 1576 1617 1616 1657 1658 1699 1698 
1576 1577 1618 1617 1658 1659 1700 1699 
1577 1578 1619 1618 1659 1660 1701 1700 
1578 1579 1620 1619 1660 1661 1702 1701 
1579 1580 1621 1620 1661 1662 1703 1702 
1580 1581 1622 1621 1662 1663 1704 1703 
1581 1582 1623 1622 1663 1664 1705 1704 
1582 1583 1624 1623 1664 1665 1706 1705 
1583 1584 1625 1624 1665 1666 1707 1706 
1584 1585 1626 1625 1666 1667 1708 1707 
1585 1586 1627 1626 1667 1668 1709 1708 
1586 1587 1628 1627 1668 1669 1710 1709 
1587 1588 1629 1628 1669 1670 1711 1710 
1588 1589 1630 1629 1670 1671 1712 1711 
1589 1590 1631 1630 1671 1672 1713 1712 
1590 1591 1632 1631 1672 1673 1714 1713 
1591 1592 1633 1632 1673 1674 1715 1714 
1592 1593 1634 1633 1674 1675 1716 1715 
1593 1594 1635 1634 1675 1676 1717 1716 
1594 1595 1636 1635 1676 1677 1718 1717 
1595 1596 1637 1636 1677 1678 1719 1718 
1596 1597 1638 1637 1678 1679 1720 1719 
1597 1598 1639 1638 1679 1680 1721 1720 
1640 1641 1682 1681 1722 1723 1764 1763 
1641 1642 1683 1682 1723 1724 1765 1764 
1642 1643 1684 1683 1724 1725 1766 1765 
1643 1644 1685 1684 1725 1726 1767 1766 
1644 1645 1686 1685 1726 1727 1768 1767 
1645 1646 1687 1686 1727 1728 1769 1768 
1646 1647 1688 1687 1728 1729 1770 1769 
1647 1648 1689 1688 1729 1730 1771 1770 
1648 1649 1690 1689 1730 1731 1772 1771 
1649 1650 1691 1690 1731 1732 1773 1772 
1650 1651 1692 1691 1732 1733 1774 1773 
1651 1652 1693 1692 1733 1734 1775 1774 
1652 1653 1694 1693 1734 1735 1776 1775 
1653 1654 1695 1694 1735 1736 1777 1776 
1654 1655 1696 1695 1736 1737 1778 1777 
1655 1656 1697 1696 1737 1738 1779 1778 
1656 1657 1698 1697 1738 1739 1780 1779 
1657 1658 1699 1698 1739 1740 1781 1780 
1658 1659 1700 1699 1740 1741 1782 1781 
1659 1660 1701 1700 1741 1742 1783 1782 
1660 1661 1702 1701 1742 1743 1784 1783 
1661 1662 1703 1702 1743 1744 1785 1784 
1662 1663 1704 1703 1744 1745 1786 1785 
1663 1664 1705 1704 1745 1746 1787 1786 
1664 1665 1706 1705 1746 1747 1788 1787 
1665 1666 1707 1706 1747 1748 1789 1788 
1666 1667 1708 1707 1748 1749 1790 1789 
1667 1668 1709 1708 1749 1750 1791 1790 
1668 1669 1710 1709 1750 1751 1792 1791 
1669 1670 1711 1710 1751 1752 1793 1792 
1670 1671 1712 1711 1752 1753 1794 1793 
1671 1672 1713 1712 1753 1754 1795 1794 
1672 1673 1714 1713 1754 1755 1796 1795 
1673 1674 1715 1714 1755 1756 1797 1796 
1674 1675 1716 1715 1756 1757 1798 1797 
1675 1676 1717 1716 1757 1758 1799 1798 
1676 1677 1718 1717 1758 1759 1800 1799 
1677 1678 1719 1718 1759 1760 1801 1800 
1678 1679 1720 1719 1760 1761 1802 1801 
1679 1680 1721 1720 1761 1762 1803 1802 
1722 1723 1764 1763 1804 1805 1846 1845 
1723 1724 1765 1764 1805 1806 1847 1846 
1724 1725 1766 1765 1806 1807 1848 1847 
1725 1726 1767 1766 1807 1808 1849 1848 
1726 1727 1768 1767 1808 1809 1850 1849 
1727 1728 1769 1768 1809 1810 1851 1850 
1728 1729 1770 1769 1810 1811 1852 1851 
1729 1730 1771 1770 1811 1812 1853 1852 
1730 1731 1772 1771 1812 1813 1854 1853 
1731 1732 1773 1772 1813 1814 1855 1854 
1732 1733 1774 1773 1814 1815 1856 1855 
1733 1734 1775 1774 1815 1816 1857 1856 
1734 1735 1776 1775 1816 1817 1858 1857 
1735 1736 1777 1776 1817 1818 1859 1858 
1736 1737 1778 1777 1818 1819 1860 1859 
1737 1738 1779 1778 1819 1820 1861 1860 
1738 1739 1780 1779 1820 1821 1862 1861 
1739 1740 1781 1780 1821 1822 1863 1862 
1740 1741 1782 1781 1822 1823 1864 1863 
1741 1742 1783 1782 1823 1824 1865 1864 
1742 1743 1784 1783 1824 1825 1866 1865 
1743 1744 1785 1784 1825 1826 1867 1866 
1744 1745 1786 1785 1826 1827 1868 1867 
1745 1746 1787 1786 1827 1828 1869 1868 
1746 1747 1788 1787 1828 1829 1870 1869 
1747 1748 1789 1788 1829 1830 1871 1870 
1748 1749 1790 1789 1830 1831 1872 1871 
1749 1750 1791 1790 1831 1832 1873 1872 
1750 1751 1792 1791 1832 1833 1874 1873 
1751 1752 1793 1792 1833 1834 1875 1874 
1752 1753 1794 1793 1834 1835 1876 1875 
1753 1754 1795 1794 1835 1836 1877 1876 
1754 1755 1796 1795 1836 1837 1878 1877 
1755 1756 1797 1796 1837 1838 1879 1878 
1756 1757 1798 1797 1838 1839 1880 1879 
1757 1758 1799 1798 1839 1840 1881 1880 
1758 1759 1800 1799 1840 1841 1882 1881 
1759 1760 1801 1800 1841 1842 1883 1882 
1760 1761 1802 1801 1842 1843 1884 1883 
1761 1762 1803 1802 1843 1844 1885 1884 
1804 1805 1846 1845 1886 1887 1928 1927 
1805 1806 1847 1846 1887 1888 1929 1928 
1806 1807 1848 1847 1888 1889 1930 1929 
1807 1808 1849 1848 1889 1890 1931 1930 
1808 1809 1850 1849 1890 1891 1932 1931 
1809 1810 1851 1850 1891 1892 1933 1932 
1810 1811 1852 1851 1892 1893 1934 1933 
1811 1812 1853 1852 1893 1894 1935 1934 
1812 1813 1854 1853 1894 1895 1936 1935 
1813 1814 1855 1854 1895 1896 1937 1936 
1814 1815 1856 1855 1896 1897 1938 1937 
1815 1816 1857 1856 1897 1898 1939 1938 
1816 1817 1858 1857 1898 1899 1940 1939 
1817 1818 1859 1858 1899 1900 1941 1940 
1818 1819 1860 1859 1900 1901 1942 1941 
1819 1820 1861 1860 1901 1902 1943 1942 
1820 1821 1862 1861 1902 1903 1944 1943 
1821 1822 1863 1862 1903 1904 1945 1944 
1822 1823 1864 1863 1904 1905 1946 1945 
1823 1824 1865 1864 1905 1906 1947 1946 
1824 1825 1866 1865 1906 1907 1948 1947 
1825 1826 1867 1866 1907 1908 1949 1948 
1826 1827 1868 1867 1908 1909 1950 1949 
1827 1828 1869 1868 1909 1910 1951 1950 
1828 1829 1870 1869 1910 1911 1952 1951 
1829 1830 1871 1870 1911 1912 1953 1952 
1830 1831 1872 1871 1912 1913 1954 1953 
1831 1832 1873 1872 1913 1914 1955 1954 
1832 1833 1874 1873 1914 1915 1956 1955 
1833 1834 1875 1874 1915 1916 1957 1956 
1834 1835 1876 1875 1916 1917 1958 1957 
1835 1836 1877 1876 1917 1918 1959 1958 
1836 1837 1878 1877 1918 1919 1960 1959 
1837 1838 1879 1878 1919 1920 1961 1960 
1838 1839 1880 1879 1920 1921 1962 1961 
1839 1840 1881 1880 1921 1922 1963 1962 
1840 1841 1882 1881 1922 1923 1964 1963 
1841 1842 1883 1882 1923 1924 1965 1964 
1842 1843 1884 1883 1924 1925 1966 1965 
1843 1844 1885 1884 1925 1926 1967 1966 
1886 1887 1928 1927 1968 1969 2010 2009 
1887 1888 1929 1928 1969 1970 2011 2010 
1888 1889 1930 1929 1970 1971 2012 2011 
1889 1890 1931 1930 1971 1972 2013 2012 
1890 1891 1932 1931 1972 1973 2014 2013 
1891 1892 1933 1932 1973 1974 2015 2014 
1892 1893 1934 1933 1974 1975 2016 2015 
1893 1894 1935 1934 1975 1976 2017 2016 
1894 1895 1936 1935 1976 1977 2018 2017 
1895 1896 1937 1936 1977 1978 2019 2018 
1896 1897 1938 1937 1978 1979 2020 2019 
1897 1898 1939 1938 1979 1980 2021 2020 
1898 1899 1940 1939 1980 1981 2022 2021 
1899 1900 1941 1940 1981 1982 2023 2022 
1900 1901 1942 1941 1982 1983 2024 2023 
1901 1902 1943 1942 1983 1984 2025 2024 
1902 1903 1944 1943 1984 1985 2026 2025 
1903 1904 1945 1944 1985 1986 2027 2026 
1904 1905 1946 1945 1986 1987 2028 2027 
1905 1906 1947 1946 1987 1988 2029 2028 
1906 1907 1948 1947 1988 1989 2030 2029 
1907 1908 1949 1948 1989 1990 2031 2030 
1908 1909 1950 1949 1990 1991 2032 2031 
1909 1910 1951 1950 1991 1992 2033 2032 
1910 1911 1952 1951 1992 1993 2034 2033 
1911 1912 1953 1952 1993 1994 2035 2034 
1912 1913 1954 1953 1994 1995 2036 2035 
1913 1914 1955 1954 1995 1996 2037 2036 
1914 1915 1956 1955 1996 1997 2038 2037 
1915 1916 1957 1956 1997 1998 2039 2038 
1916 1917 1958 1957 1998 1999 2040 2039 
1917 1918 1959 1958 1999 2000 2041 2040 
1918 1919 1960 1959 2000 2001 2042 2041 
1919 1920 1961 1960 2001 2002 2043 2042 
1920 1921 1962 1961 2002 2003 2044 2043 
1921 1922 1963 1962 2003 2004 2045 2044 
1922 1923 1964 1963 2004 2005 2046 2045 
1923 1924 1965 1964 2005 2006 2047 2046 
1924 1925 1966 1965 2006 2007 2048 2047 
1925 1926 1967 1966 2007 2008 2049 2048 
