#levelset
2050 1
1.460000000000000e-01
1.314000000000000e-01
1.168000000000000e-01
1.022000000000000e-01
8.759999999999998e-02
7.300000000000000e-02
5.839999999999999e-02
4.379999999999999e-02
2.919999999999999e-02
1.460000000000000e-02
0.000000000000000e+00
-1.460000000000000e-02
-2.920000000000000e-02
-4.380000000000001e-02
-5.840000000000001e-02
-7.300000000000001e-02
-8.760000000000001e-02
-1.022000000000000e-01
-1.168000000000000e-01
-1.314000000000000e-01
-1.460000000000000e-01
-1.606000000000000e-01
-1.752000000000000e-01
-1.898000000000000e-01
-2.044000000000000e-01
-2.190000000000000e-01
-2.336000000000000e-01
-2.482000000000000e-01
-2.628000000000000e-01
-2.774000000000000e-01
-2.920000000000000e-01
-3.066000000000000e-01
-3.212000000000000e-01
-3.358000000000000e-01
-3.504000000000000e-01
-3.650000000000000e-01
-3.795999999999999e-01
-3.942000000000000e-01
-4.087999999999999e-01
-4.234000000000000e-01
-4.379999999999999e-01
1.460000000000000e-01
1.314000000000000e-01
1.168000000000000e-01
1.022000000000000e-01
8.759999999999998e-02
7.300000000000000e-02
5.839999999999999e-02
4.379999999999999e-02
2.919999999999999e-02
1.460000000000000e-02
0.000000000000000e+00
-1.460000000000000e-02
-2.920000000000000e-02
-4.380000000000001e-02
-5.840000000000001e-02
-7.300000000000001e-02
-8.760000000000001e-02
-1.022000000000000e-01
-1.168000000000000e-01
-1.314000000000000e-01
-1.460000000000000e-01
-1.606000000000000e-01
-1.752000000000000e-01
-1.898000000000000e-01
-2.044000000000000e-01
-2.190000000000000e-01
-2.336000000000000e-01
-2.482000000000000e-01
-2.628000000000000e-01
-2.774000000000000e-01
-2.920000000000000e-01
-3.066000000000000e-01
-3.212000000000000e-01
-3.358000000000000e-01
-3.504000000000000e-01
-3.650000000000000e-01
-3.795999999999999e-01
-3.942000000000000e-01
-4.087999999999999e-01
-4.234000000000000e-01
-4.379999999999999e-01
1.460000000000000e-01
1.314000000000000e-01
1.168000000000000e-01
1.022000000000000e-01
8.759999999999998e-02
7.300000000000000e-02
5.839999999999999e-02
4.379999999999999e-02
2.919999999999999e-02
1.460000000000000e-02
0.000000000000000e+00
-1.460000000000000e-02
-2.920000000000000e-02
-4.380000000000001e-02
-5.840000000000001e-02
-7.300000000000001e-02
-8.760000000000001e-02
-1.022000000000000e-01
-1.168000000000000e-01
-1.314000000000000e-01
-1.460000000000000e-01
-1.606000000000000e-01
-1.752000000000000e-01
-1.898000000000000e-01
-2.044000000000000e-01
-2.190000000000000e-01
-2.336000000000000e-01
-2.482000000000000e-01
-2.628000000000000e-01
-2.774000000000000e-01
-2.920000000000000e-01
-3.066000000000000e-01
-3.212000000000000e-01
-3.358000000000000e-01
-3.504000000000000e-01
-3.650000000000000e-01
-3.795999999999999e-01
-3.942000000000000e-01
-4.087999999999999e-01
-4.234000000000000e-01
-4.379999999999999e-01
1.460000000000000e-01
1.314000000000000e-01
1.168000000000000e-01
1.022000000000000e-01
8.759999999999998e-02
7.300000000000000e-02
5.839999999999999e-02
4.379999999999999e-02
2.919999999999999e-02
1.460000000000000e-02
0.000000000000000e+00
-1.460000000000000e-02
-2.920000000000000e-02
-4.380000000000001e-02
-5.840000000000001e-02
-7.300000000000001e-02
-8.760000000000001e-02
-1.022000000000000e-01
-1.168000000000000e-01
-1.314000000000000e-01
-1.460000000000000e-01
-1.606000000000000e-01
-1.752000000000000e-01
-1.898000000000000e-01
-2.044000000000000e-01
-2.190000000000000e-01
-2.336000000000000e-01
-2.482000000000000e-01
-2.628000000000000e-01
-2.774000000000000e-01
-2.920000000000000e-01
-3.066000000000000e-01
-3.212000000000000e-01
-3.358000000000000e-01
-3.504000000000000e-01
-3.650000000000000e-01
-3.795999999999999e-01
-3.942000000000000e-01
-4.087999999999999e-01
-4.234000000000000e-01
-4.379999999999999e-01
1.460000000000000e-01
1.314000000000000e-01
1.168000000000000e-01
1.022000000000000e-01
8.759999999999998e-02
7.300000000000000e-02
5.839999999999999e-02
4.379999999999999e-02
2.919999999999999e-02
1.460000000000000e-02
0.000000000000000e+00
-1.460000000000000e-02
-2.920000000000000e-02
-4.380000000000001e-02
-5.840000000000001e-02
-7.300000000000001e-02
-8.760000000000001e-02
-1.022000000000000e-01
-1.168000000000000e-01
-1.314000000000000e-01
-1.460000000000000e-01
-1.606000000000000e-01
-1.752000000000000e-01
-1.898000000000000e-01
-2.044000000000000e-01
-2.190000000000000e-01
-2.336000000000000e-01
-2.482000000000000e-01
-2.628000000000000e-01
-2.774000000000000e-01
-2.920000000000000e-01
-3.066000000000000e-01
-3.212000000000000e-01
-3.358000000000000e-01
-3.504000000000000e-01
-3.650000000000000e-01
-3.795999999999999e-01
-3.942000000000000e-01
-4.087999999999999e-01
-4.234000000000000e-01
-4.379999999999999e-01
1.460000000000000e-01
1.314000000000000e-01
1.168000000000000e-01
1.022000000000000e-01
8.759999999999998e-02
7.300000000000000e-02
5.839999999999999e-02
4.379999999999999e-02
2.919999999999999e-02
1.460000000000000e-02
0.000000000000000e+00
-1.460000000000000e-02
-2.920000000000000e-02
-4.380000000000001e-02
-5.840000000000001e-02
-7.300000000000001e-02
-8.760000000000001e-02
-1.022000000000000e-01
-1.168000000000000e-01
-1.314000000000000e-01
-1.460000000000000e-01
-1.606000000000000e-01
-1.752000000000000e-01
-1.898000000000000e-01
-2.044000000000000e-01
-2.190000000000000e-01
-2.336000000000000e-01
-2.482000000000000e-01
-2.628000000000000e-01
-2.774000000000000e-01
-2.920000000000000e-01
-3.066000000000000e-01
-3.212000000000000e-01
-3.358000000000000e-01
-3.504000000000000e-01
-3.650000000000000e-01
-3.795999999999999e-01
-3.942000000000000e-01
-4.087999999999999e-01
-4.234000000000000e-01
-4.379999999999999e-01
1.460000000000000e-01
1.314000000000000e-01
1.168000000000000e-01
1.022000000000000e-01
8.759999999999998e-02
7.300000000000000e-02
5.839999999999999e-02
4.379999999999999e-02
2.919999999999999e-02
1.460000000000000e-02
0.000000000000000e+00
-1.460000000000000e-02
-2.920000000000000e-02
-4.380000000000001e-02
-5.840000000000001e-02
-7.300000000000001e-02
-8.760000000000001e-02
-1.022000000000000e-01
-1.168000000000000e-01
-1.314000000000000e-01
-1.460000000000000e-01
-1.606000000000000e-01
-1.752000000000000e-01
-1.898000000000000e-01
-2.044000000000000e-01
-2.190000000000000e-01
-2.336000000000000e-01
-2.482000000000000e-01
-2.628000000000000e-01
-2.774000000000000e-01
-2.920000000000000e-01
-3.066000000000000e-01
-3.212000000000000e-01
-3.358000000000000e-01
-3.504000000000000e-01
-3.650000000000000e-01
-3.795999999999999e-01
-3.942000000000000e-01
-4.087999999999999e-01
-4.234000000000000e-01
-4.379999999999999e-01
1.460000000000000e-01
1.314000000000000e-01
1.168000000000000e-01
1.022000000000000e-01
8.759999999999998e-02
7.300000000000000e-02
5.839999999999999e-02
4.379999999999999e-02
2.919999999999999e-02
1.460000000000000e-02
0.000000000000000e+00
-1.460000000000000e-02
-2.920000000000000e-02
-4.380000000000001e-02
-5.840000000000001e-02
-7.300000000000001e-02
-8.760000000000001e-02
-1.022000000000000e-01
-1.168000000000000e-01
-1.314000000000000e-01
-1.460000000000000e-01
-1.606000000000000e-01
-1.752000000000000e-01
-1.898000000000000e-01
-2.044000000000000e-01
-2.190000000000000e-01
-2.336000000000000e-01
-2.482000000000000e-01
-2.628000000000000e-01
-2.774000000000000e-01
-2.920000000000000e-01
-3.066000000000000e-01
-3.212000000000000e-01
-3.358000000000000e-01
-3.504000000000000e-01
-3.650000000000000e-01
-3.795999999999999e-01
-3.942000000000000e-01
-4.087999999999999e-01
-4.234000000000000e-01
-4.379999999999999e-01
1.460000000000000e-01
1.314000000000000e-01
1.168000000000000e-01
1.022000000000000e-01
8.759999999999998e-02
7.300000000000000e-02
5.839999999999999e-02
4.379999999999999e-02
2.919999999999999e-02
1.460000000000000e-02
0.000000000000000e+00
-1.460000000000000e-02
-2.920000000000000e-02
-4.380000000000001e-02
-5.840000000000001e-02
-7.300000000000001e-02
-8.760000000000001e-02
-1.022000000000000e-01
-1.168000000000000e-01
-1.314000000000000e-01
-1.460000000000000e-01
-1.606000000000000e-01
-1.752000000000000e-01
-1.898000000000000e-01
-2.044000000000000e-01
-2.190000000000000e-01
-2.336000000000000e-01
-2.482000000000000e-01
-2.628000000000000e-01
-2.774000000000000e-01
-2.920000000000000e-01
-3.066000000000000e-01
-3.212000000000000e-01
-3.358000000000000e-01
-3.504000000000000e-01
-3.650000000000000e-01
-3.795999999999999e-01
-3.942000000000000e-01
-4.087999999999999e-01
-4.234000000000000e-01
-4.379999999999999e-01
1.460000000000000e-01
1.314000000000000e-01
1.168000000000000e-01
1.022000000000000e-01
8.759999999999998e-02
7.300000000000000e-02
5.839999999999999e-02
4.379999999999999e-02
2.919999999999999e-02
1.460000000000000e-02
0.000000000000000e+00
-1.460000000000000e-02
-2.920000000000000e-02
-4.380000000000001e-02
-5.840000000000001e-02
-7.300000000000001e-02
-8.760000000000001e-02
-1.022000000000000e-01
-1.168000000000000e-01
-1.314000000000000e-01
-1.460000000000000e-01
-1.606000000000000e-01
-1.752000000000000e-01
-1.898000000000000e-01
-2.044000000000000e-01
-2.190000000000000e-01
-2.336000000000000e-01
-2.482000000000000e-01
-2.628000000000000e-01
-2.774000000000000e-01
-2.920000000000000e-01
-3.066000000000000e-01
-3.212000000000000e-01
-3.358000000000000e-01
-3.504000000000000e-01
-3.650000000000000e-01
-3.795999999999999e-01
-3.942000000000000e-01
-4.087999999999999e-01
-4.234000000000000e-01
-4.379999999999999e-01
1.460000000000000e-01
1.314000000000000e-01
1.168000000000000e-01
1.022000000000000e-01
8.759999999999998e-02
7.300000000000000e-02
5.839999999999999e-02
4.379999999999999e-02
2.919999999999999e-02
1.460000000000000e-02
0.000000000000000e+00
-1.460000000000000e-02
-2.920000000000000e-02
-4.380000000000001e-02
-5.840000000000001e-02
-7.300000000000001e-02
-8.760000000000001e-02
-1.022000000000000e-01
-1.168000000000000e-01
-1.314000000000000e-01
-1.460000000000000e-01
-1.606000000000000e-01
-1.752000000000000e-01
-1.898000000000000e-01
-2.044000000000000e-01
-2.190000000000000e-01
-2.336000000000000e-01
-2.482000000000000e-01
-2.628000000000000e-01
-2.774000000000000e-01
-2.920000000000000e-01
-3.066000000000000e-01
-3.212000000000000e-01
-3.358000000000000e-01
-3.504000000000000e-01
-3.650000000000000e-01
-3.795999999999999e-01
-3.942000000000000e-01
-4.087999999999999e-01
-4.234000000000000e-01
-4.379999999999999e-01
1.460000000000000e-01
1.314000000000000e-01
1.168000000000000e-01
1.022000000000000e-01
8.759999999999998e-02
7.300000000000000e-02
5.839999999999999e-02
4.379999999999999e-02
2.919999999999999e-02
1.460000000000000e-02
0.000000000000000e+00
-1.460000000000000e-02
-2.920000000000000e-02
-4.380000000000001e-02
-5.840000000000001e-02
-7.300000000000001e-02
-8.760000000000001e-02
-1.022000000000000e-01
-1.168000000000000e-01
-1.314000000000000e-01
-1.460000000000000e-01
-1.606000000000000e-01
-1.752000000000000e-01
-1.898000000000000e-01
-2.044000000000000e-01
-2.190000000000000e-01
-2.336000000000000e-01
-2.482000000000000e-01
-2.628000000000000e-01
-2.774000000000000e-01
-2.920000000000000e-01
-3.066000000000000e-01
-3.212000000000000e-01
-3.358000000000000e-01
-3.504000000000000e-01
-3.650000000000000e-01
-3.795999999999999e-01
-3.942000000000000e-01
-4.087999999999999e-01
-4.234000000000000e-01
-4.379999999999999e-01
1.460000000000000e-01
1.314000000000000e-01
1.168000000000000e-01
1.022000000000000e-01
8.759999999999998e-02
7.300000000000000e-02
5.839999999999999e-02
4.379999999999999e-02
2.919999999999999e-02
1.460000000000000e-02
0.000000000000000e+00
-1.460000000000000e-02
-2.920000000000000e-02
-4.380000000000001e-02
-5.840000000000001e-02
-7.300000000000001e-02
-8.760000000000001e-02
-1.022000000000000e-01
-1.168000000000000e-01
-1.314000000000000e-01
-1.460000000000000e-01
-1.606000000000000e-01
-1.752000000000000e-01
-1.898000000000000e-01
-2.044000000000000e-01
-2.190000000000000e-01
-2.336000000000000e-01
-2.482000000000000e-01
-2.628000000000000e-01
-2.774000000000000e-01
-2.920000000000000e-01
-3.066000000000000e-01
-3.212000000000000e-01
-3.358000000000000e-01
-3.504000000000000e-01
-3.650000000000000e-01
-3.795999999999999e-01
-3.942000000000000e-01
-4.087999999999999e-01
-4.234000000000000e-01
-4.379999999999999e-01
1.460000000000000e-01
1.314000000000000e-01
1.168000000000000e-01
1.022000000000000e-01
8.759999999999998e-02
7.300000000000000e-02
5.839999999999999e-02
4.379999999999999e-02
2.919999999999999e-02
1.460000000000000e-02
0.000000000000000e+00
-1.460000000000000e-02
-2.920000000000000e-02
-4.380000000000001e-02
-5.840000000000001e-02
-7.300000000000001e-02
-8.760000000000001e-02
-1.022000000000000e-01
-1.168000000000000e-01
-1.314000000000000e-01
-1.460000000000000e-01
-1.606000000000000e-01
-1.752000000000000e-01
-1.898000000000000e-01
-2.044000000000000e-01
-2.190000000000000e-01
-2.336000000000000e-01
-2.482000000000000e-01
-2.628000000000000e-01
-2.774000000000000e-01
-2.920000000000000e-01
-3.066000000000000e-01
-3.212000000000000e-01
-3.358000000000000e-01
-3.504000000000000e-01
-3.650000000000000e-01
-3.795999999999999e-01
-3.942000000000000e-01
-4.087999999999999e-01
-4.234000000000000e-01
-4.379999999999999e-01
1.460000000000000e-01
1.314000000000000e-01
1.168000000000000e-01
1.022000000000000e-01
8.759999999999998e-02
7.300000000000000e-02
5.839999999999999e-02
4.379999999999999e-02
2.919999999999999e-02
1.460000000000000e-02
0.000000000000000e+00
-1.460000000000000e-02
-2.920000000000000e-02
-4.380000000000001e-02
-5.840000000000001e-02
-7.300000000000001e-02
-8.760000000000001e-02
-1.022000000000000e-01
-1.168000000000000e-01
-1.314000000000000e-01
-1.460000000000000e-01
-1.606000000000000e-01
-1.752000000000000e-01
-1.898000000000000e-01
-2.044000000000000e-01
-2.190000000000000e-01
-2.336000000000000e-01
-2.482000000000000e-01
-2.628000000000000e-01
-2.774000000000000e-01
-2.920000000000000e-01
-3.066000000000000e-01
-3.212000000000000e-01
-3.358000000000000e-01
-3.504000000000000e-01
-3.650000000000000e-01
-3.795999999999999e-01
-3.942000000000000e-01
-4.087999999999999e-01
-4.234000000000000e-01
-4.379999999999999e-01
1.460000000000000e-01
1.314000000000000e-01
1.168000000000000e-01
1.022000000000000e-01
8.759999999999998e-02
7.300000000000000e-02
5.839999999999999e-02
4.379999999999999e-02
2.919999999999999e-02
1.460000000000000e-02
0.000000000000000e+00
-1.460000000000000e-02
-2.920000000000000e-02
-4.380000000000001e-02
-5.840000000000001e-02
-7.300000000000001e-02
-8.760000000000001e-02
-1.022000000000000e-01
-1.168000000000000e-01
-1.314000000000000e-01
-1.460000000000000e-01
-1.606000000000000e-01
-1.752000000000000e-01
-1.898000000000000e-01
-2.044000000000000e-01
-2.190000000000000e-01
-2.336000000000000e-01
-2.482000000000000e-01
-2.628000000000000e-01
-2.774000000000000e-01
-2.920000000000000e-01
-3.066000000000000e-01
-3.212000000000000e-01
-3.358000000000000e-01
-3.504000000000000e-01
-3.650000000000000e-01
-3.795999999999999e-01
-3.942000000000000e-01
-4.087999999999999e-01
-4.234000000000000e-01
-4.379999999999999e-01
1.460000000000000e-01
1.314000000000000e-01
1.168000000000000e-01
1.022000000000000e-01
8.759999999999998e-02
7.300000000000000e-02
5.839999999999999e-02
4.379999999999999e-02
2.919999999999999e-02
1.460000000000000e-02
0.000000000000000e+00
-1.460000000000000e-02
-2.920000000000000e-02
-4.380000000000001e-02
-5.840000000000001e-02
-7.300000000000001e-02
-8.760000000000001e-02
-1.022000000000000e-01
-1.168000000000000e-01
-1.314000000000000e-01
-1.460000000000000e-01
-1.606000000000000e-01
-1.752000000000000e-01
-1.898000000000000e-01
-2.044000000000000e-01
-2.190000000000000e-01
-2.336000000000000e-01
-2.482000000000000e-01
-2.628000000000000e-01
-2.774000000000000e-01
-2.920000000000000e-01
-3.066000000000000e-01
-3.212000000000000e-01
-3.358000000000000e-01
-3.504000000000000e-01
-3.650000000000000e-01
-3.795999999999999e-01
-3.942000000000000e-01
-4.087999999999999e-01
-4.234000000000000e-01
-4.379999999999999e-01
1.460000000000000e-01
1.314000000000000e-01
1.168000000000000e-01
1.022000000000000e-01
8.759999999999998e-02
7.300000000000000e-02
5.839999999999999e-02
4.379999999999999e-02
2.919999999999999e-02
1.460000000000000e-02
0.000000000000000e+00
-1.460000000000000e-02
-2.920000000000000e-02
-4.380000000000001e-02
-5.840000000000001e-02
-7.300000000000001e-02
-8.760000000000001e-02
-1.022000000000000e-01
-1.168000000000000e-01
-1.314000000000000e-01
-1.460000000000000e-01
-1.606000000000000e-01
-1.752000000000000e-01
-1.898000000000000e-01
-2.044000000000000e-01
-2.190000000000000e-01
-2.336000000000000e-01
-2.482000000000000e-01
-2.628000000000000e-01
-2.774000000000000e-01
-2.920000000000000e-01
-3.066000000000000e-01
-3.212000000000000e-01
-3.358000000000000e-01
-3.504000000000000e-01
-3.650000000000000e-01
-3.795999999999999e-01
-3.942000000000000e-01
-4.087999999999999e-01
-4.234000000000000e-01
-4.379999999999999e-01
1.460000000000000e-01
1.314000000000000e-01
1.168000000000000e-01
1.022000000000000e-01
8.759999999999998e-02
7.300000000000000e-02
5.839999999999999e-02
4.379999999999999e-02
2.919999999999999e-02
1.460000000000000e-02
0.000000000000000e+00
-1.460000000000000e-02
-2.920000000000000e-02
-4.380000000000001e-02
-5.840000000000001e-02
-7.300000000000001e-02
-8.760000000000001e-02
-1.022000000000000e-01
-1.168000000000000e-01
-1.314000000000000e-01
-1.460000000000000e-01
-1.606000000000000e-01
-1.752000000000000e-01
-1.898000000000000e-01
-2.044000000000000e-01
-2.190000000000000e-01
-2.336000000000000e-01
-2.482000000000000e-01
-2.628000000000000e-01
-2.774000000000000e-01
-2.920000000000000e-01
-3.066000000000000e-01
-3.212000000000000e-01
-3.358000000000000e-01
-3.504000000000000e-01
-3.650000000000000e-01
-3.795999999999999e-01
-3.942000000000000e-01
-4.087999999999999e-01
-4.234000000000000e-01
-4.379999999999999e-01
1.460000000000000e-01
1.314000000000000e-01
1.168000000000000e-01
1.022000000000000e-01
8.759999999999998e-02
7.300000000000000e-02
5.839999999999999e-02
4.379999999999999e-02
2.919999999999999e-02
1.460000000000000e-02
0.000000000000000e+00
-1.460000000000000e-02
-2.920000000000000e-02
-4.380000000000001e-02
-5.840000000000001e-02
-7.300000000000001e-02
-8.760000000000001e-02
-1.022000000000000e-01
-1.168000000000000e-01
-1.314000000000000e-01
-1.460000000000000e-01
-1.606000000000000e-01
-1.752000000000000e-01
-1.898000000000000e-01
-2.044000000000000e-01
-2.190000000000000e-01
-2.336000000000000e-01
-2.482000000000000e-01
-2.628000000000000e-01
-2.774000000000000e-01
-2.920000000000000e-01
-3.066000000000000e-01
-3.212000000000000e-01
-3.358000000000000e-01
-3.504000000000000e-01
-3.650000000000000e-01
-3.795999999999999e-01
-3.942000000000000e-01
-4.087999999999999e-01
-4.234000000000000e-01
-4.379999999999999e-01
1.460000000000000e-01
1.314000000000000e-01
1.168000000000000e-01
1.022000000000000e-01
8.759999999999998e-02
7.300000000000000e-02
5.839999999999999e-02
4.379999999999999e-02
2.919999999999999e-02
1.460000000000000e-02
0.000000000000000e+00
-1.460000000000000e-02
-2.920000000000000e-02
-4.380000000000001e-02
-5.840000000000001e-02
-7.300000000000001e-02
-8.760000000000001e-02
-1.022000000000000e-01
-1.168000000000000e-01
-1.314000000000000e-01
-1.460000000000000e-01
-1.606000000000000e-01
-1.752000000000000e-01
-1.898000000000000e-01
-2.044000000000000e-01
-2.190000000000000e-01
-2.336000000000000e-01
-2.482000000000000e-01
-2.628000000000000e-01
-2.774000000000000e-01
-2.920000000000000e-01
-3.066000000000000e-01
-3.212000000000000e-01
-3.358000000000000e-01
-3.504000000000000e-01
-3.650000000000000e-01
-3.795999999999999e-01
-3.942000000000000e-01
-4.087999999999999e-01
-4.234000000000000e-01
-4.379999999999999e-01
1.460000000000000e-01
1.314000000000000e-01
1.168000000000000e-01
1.022000000000000e-01
8.759999999999998e-02
7.300000000000000e-02
5.839999999999999e-02
4.379999999999999e-02
2.919999999999999e-02
1.460000000000000e-02
0.000000000000000e+00
-1.460000000000000e-02
-2.920000000000000e-02
-4.380000000000001e-02
-5.840000000000001e-02
-7.300000000000001e-02
-8.760000000000001e-02
-1.022000000000000e-01
-1.168000000000000e-01
-1.314000000000000e-01
-1.460000000000000e-01
-1.606000000000000e-01
-1.752000000000000e-01
-1.898000000000000e-01
-2.044000000000000e-01
-2.190000000000000e-01
-2.336000000000000e-01
-2.482000000000000e-01
-2.628000000000000e-01
-2.774000000000000e-01
-2.920000000000000e-01
-3.066000000000000e-01
-3.212000000000000e-01
-3.358000000000000e-01
-3.504000000000000e-01
-3.650000000000000e-01
-3.795999999999999e-01
-3.942000000000000e-01
-4.087999999999999e-01
-4.234000000000000e-01
-4.379999999999999e-01
1.314000000000000e-01
1.314000000000000e-01
1.168000000000000e-01
1.022000000000000e-01
8.759999999999998e-02
7.300000000000000e-02
5.839999999999999e-02
4.379999999999999e-02
2.919999999999999e-02
1.460000000000000e-02
0.000000000000000e+00
-1.460000000000000e-02
-2.920000000000000e-02
-4.380000000000001e-02
-5.840000000000001e-02
-7.300000000000001e-02
-8.760000000000001e-02
-1.022000000000000e-01
-1.168000000000000e-01
-1.314000000000000e-01
-1.460000000000000e-01
-1.606000000000000e-01
-1.752000000000000e-01
-1.898000000000000e-01
-2.044000000000000e-01
-2.190000000000000e-01
-2.336000000000000e-01
-2.482000000000000e-01
-2.628000000000000e-01
-2.774000000000000e-01
-2.920000000000000e-01
-3.066000000000000e-01
-3.212000000000000e-01
-3.358000000000000e-01
-3.504000000000000e-01
-3.650000000000000e-01
-3.795999999999999e-01
-3.942000000000000e-01
-4.087999999999999e-01
-4.234000000000000e-01
-4.379999999999999e-01
1.314000000000000e-01
1.314000000000000e-01
1.168000000000000e-01
1.022000000000000e-01
8.759999999999998e-02
7.300000000000000e-02
5.839999999999999e-02
4.379999999999999e-02
2.919999999999999e-02
1.460000000000000e-02
0.000000000000000e+00
-1.460000000000000e-02
-2.920000000000000e-02
-4.380000000000001e-02
-5.840000000000001e-02
-7.300000000000001e-02
-8.760000000000001e-02
-1.022000000000000e-01
-1.168000000000000e-01
-1.314000000000000e-01
-1.460000000000000e-01
-1.606000000000000e-01
-1.752000000000000e-01
-1.898000000000000e-01
-2.044000000000000e-01
-2.190000000000000e-01
-2.336000000000000e-01
-2.482000000000000e-01
-2.628000000000000e-01
-2.774000000000000e-01
-2.920000000000000e-01
-3.066000000000000e-01
-3.212000000000000e-01
-3.358000000000000e-01
-3.504000000000000e-01
-3.650000000000000e-01
-3.795999999999999e-01
-3.942000000000000e-01
-4.087999999999999e-01
-4.234000000000000e-01
-4.379999999999999e-01
1.168000000000000e-01
1.168000000000000e-01
1.168000000000000e-01
1.022000000000000e-01
8.759999999999998e-02
7.300000000000000e-02
5.839999999999999e-02
4.379999999999999e-02
2.919999999999999e-02
1.460000000000000e-02
0.000000000000000e+00
-1.460000000000000e-02
-2.920000000000000e-02
-4.380000000000001e-02
-5.840000000000001e-02
-7.300000000000001e-02
-8.760000000000001e-02
-1.022000000000000e-01
-1.168000000000000e-01
-1.314000000000000e-01
-1.460000000000000e-01
-1.606000000000000e-01
-1.752000000000000e-01
-1.898000000000000e-01
-2.044000000000000e-01
-2.190000000000000e-01
-2.336000000000000e-01
-2.482000000000000e-01
-2.628000000000000e-01
-2.774000000000000e-01
-2.920000000000000e-01
-3.066000000000000e-01
-3.212000000000000e-01
-3.358000000000000e-01
-3.504000000000000e-01
-3.650000000000000e-01
-3.795999999999999e-01
-3.942000000000000e-01
-4.087999999999999e-01
-4.234000000000000e-01
-4.379999999999999e-01
1.168000000000000e-01
1.168000000000000e-01
1.168000000000000e-01
1.022000000000000e-01
8.759999999999998e-02
7.300000000000000e-02
5.839999999999999e-02
4.379999999999999e-02
2.919999999999999e-02
1.460000000000000e-02
0.000000000000000e+00
-1.460000000000000e-02
-2.920000000000000e-02
-4.380000000000001e-02
-5.840000000000001e-02
-7.300000000000001e-02
-8.760000000000001e-02
-1.022000000000000e-01
-1.168000000000000e-01
-1.314000000000000e-01
-1.460000000000000e-01
-1.606000000000000e-01
-1.752000000000000e-01
-1.898000000000000e-01
-2.044000000000000e-01
-2.190000000000000e-01
-2.336000000000000e-01
-2.482000000000000e-01
-2.628000000000000e-01
-2.774000000000000e-01
-2.920000000000000e-01
-3.066000000000000e-01
-3.212000000000000e-01
-3.358000000000000e-01
-3.504000000000000e-01
-3.650000000000000e-01
-3.795999999999999e-01
-3.942000000000000e-01
-4.087999999999999e-01
-4.234000000000000e-01
-4.379999999999999e-01
1.022000000000000e-01
1.022000000000000e-01
1.022000000000000e-01
1.022000000000000e-01
8.759999999999998e-02
7.300000000000000e-02
5.839999999999999e-02
4.379999999999999e-02
2.919999999999999e-02
1.460000000000000e-02
0.000000000000000e+00
-1.460000000000000e-02
-2.920000000000000e-02
-4.380000000000001e-02
-5.840000000000001e-02
-7.300000000000001e-02
-8.760000000000001e-02
-1.022000000000000e-01
-1.168000000000000e-01
-1.314000000000000e-01
-1.460000000000000e-01
-1.606000000000000e-01
-1.752000000000000e-01
-1.898000000000000e-01
-2.044000000000000e-01
-2.190000000000000e-01
-2.336000000000000e-01
-2.482000000000000e-01
-2.628000000000000e-01
-2.774000000000000e-01
-2.920000000000000e-01
-3.066000000000000e-01
-3.212000000000000e-01
-3.358000000000000e-01
-3.504000000000000e-01
-3.650000000000000e-01
-3.795999999999999e-01
-3.942000000000000e-01
-4.087999999999999e-01
-4.234000000000000e-01
-4.379999999999999e-01
1.022000000000000e-01
1.022000000000000e-01
1.022000000000000e-01
1.022000000000000e-01
8.759999999999998e-02
7.300000000000000e-02
5.839999999999999e-02
4.379999999999999e-02
2.919999999999999e-02
1.460000000000000e-02
0.000000000000000e+00
-1.460000000000000e-02
-2.920000000000000e-02
-4.380000000000001e-02
-5.840000000000001e-02
-7.300000000000001e-02
-8.760000000000001e-02
-1.022000000000000e-01
-1.168000000000000e-01
-1.314000000000000e-01
-1.460000000000000e-01
-1.606000000000000e-01
-1.752000000000000e-01
-1.898000000000000e-01
-2.044000000000000e-01
-2.190000000000000e-01
-2.336000000000000e-01
-2.482000000000000e-01
-2.628000000000000e-01
-2.774000000000000e-01
-2.920000000000000e-01
-3.066000000000000e-01
-3.212000000000000e-01
-3.358000000000000e-01
-3.504000000000000e-01
-3.650000000000000e-01
-3.795999999999999e-01
-3.942000000000000e-01
-4.087999999999999e-01
-4.234000000000000e-01
-4.379999999999999e-01
8.759999999999998e-02
8.759999999999998e-02
8.759999999999998e-02
8.759999999999998e-02
8.759999999999998e-02
7.300000000000000e-02
5.839999999999999e-02
4.379999999999999e-02
2.919999999999999e-02
1.460000000000000e-02
0.000000000000000e+00
-1.460000000000000e-02
-2.920000000000000e-02
-4.380000000000001e-02
-5.840000000000001e-02
-7.300000000000001e-02
-8.760000000000001e-02
-1.022000000000000e-01
-1.168000000000000e-01
-1.314000000000000e-01
-1.460000000000000e-01
-1.606000000000000e-01
-1.752000000000000e-01
-1.898000000000000e-01
-2.044000000000000e-01
-2.190000000000000e-01
-2.336000000000000e-01
-2.482000000000000e-01
-2.628000000000000e-01
-2.774000000000000e-01
-2.920000000000000e-01
-3.066000000000000e-01
-3.212000000000000e-01
-3.358000000000000e-01
-3.504000000000000e-01
-3.650000000000000e-01
-3.795999999999999e-01
-3.942000000000000e-01
-4.087999999999999e-01
-4.234000000000000e-01
-4.379999999999999e-01
8.759999999999998e-02
8.759999999999998e-02
8.759999999999998e-02
8.759999999999998e-02
8.759999999999998e-02
7.300000000000000e-02
5.839999999999999e-02
4.379999999999999e-02
2.919999999999999e-02
1.460000000000000e-02
0.000000000000000e+00
-1.460000000000000e-02
-2.920000000000000e-02
-4.380000000000001e-02
-5.840000000000001e-02
-7.300000000000001e-02
-8.760000000000001e-02
-1.022000000000000e-01
-1.168000000000000e-01
-1.314000000000000e-01
-1.460000000000000e-01
-1.606000000000000e-01
-1.752000000000000e-01
-1.898000000000000e-01
-2.044000000000000e-01
-2.190000000000000e-01
-2.336000000000000e-01
-2.482000000000000e-01
-2.628000000000000e-01
-2.774000000000000e-01
-2.920000000000000e-01
-3.066000000000000e-01
-3.212000000000000e-01
-3.358000000000000e-01
-3.504000000000000e-01
-3.650000000000000e-01
-3.795999999999999e-01
-3.942000000000000e-01
-4.087999999999999e-01
-4.234000000000000e-01
-4.379999999999999e-01
7.299999999999998e-02
7.299999999999998e-02
7.299999999999998e-02
7.299999999999998e-02
7.299999999999998e-02
7.299999999999998e-02
5.839999999999999e-02
4.379999999999999e-02
2.919999999999999e-02
1.460000000000000e-02
0.000000000000000e+00
-1.460000000000000e-02
-2.920000000000000e-02
-4.380000000000001e-02
-5.840000000000001e-02
-7.300000000000001e-02
-8.760000000000001e-02
-1.022000000000000e-01
-1.168000000000000e-01
-1.314000000000000e-01
-1.460000000000000e-01
-1.606000000000000e-01
-1.752000000000000e-01
-1.898000000000000e-01
-2.044000000000000e-01
-2.190000000000000e-01
-2.336000000000000e-01
-2.482000000000000e-01
-2.628000000000000e-01
-2.774000000000000e-01
-2.920000000000000e-01
-3.066000000000000e-01
-3.212000000000000e-01
-3.358000000000000e-01
-3.504000000000000e-01
-3.650000000000000e-01
-3.795999999999999e-01
-3.942000000000000e-01
-4.087999999999999e-01
-4.234000000000000e-01
-4.379999999999999e-01
7.299999999999998e-02
7.299999999999998e-02
7.299999999999998e-02
7.299999999999998e-02
7.299999999999998e-02
7.299999999999998e-02
5.839999999999999e-02
4.379999999999999e-02
2.919999999999999e-02
1.460000000000000e-02
0.000000000000000e+00
-1.460000000000000e-02
-2.920000000000000e-02
-4.380000000000001e-02
-5.840000000000001e-02
-7.300000000000001e-02
-8.760000000000001e-02
-1.022000000000000e-01
-1.168000000000000e-01
-1.314000000000000e-01
-1.460000000000000e-01
-1.606000000000000e-01
-1.752000000000000e-01
-1.898000000000000e-01
-2.044000000000000e-01
-2.190000000000000e-01
-2.336000000000000e-01
-2.482000000000000e-01
-2.628000000000000e-01
-2.774000000000000e-01
-2.920000000000000e-01
-3.066000000000000e-01
-3.212000000000000e-01
-3.358000000000000e-01
-3.504000000000000e-01
-3.650000000000000e-01
-3.795999999999999e-01
-3.942000000000000e-01
-4.087999999999999e-01
-4.234000000000000e-01
-4.379999999999999e-01
5.839999999999998e-02
5.839999999999998e-02
5.839999999999998e-02
5.839999999999998e-02
5.839999999999998e-02
5.839999999999998e-02
5.839999999999998e-02
4.379999999999999e-02
2.919999999999999e-02
1.460000000000000e-02
0.000000000000000e+00
-1.460000000000000e-02
-2.920000000000000e-02
-4.380000000000001e-02
-5.840000000000001e-02
-7.300000000000001e-02
-8.760000000000001e-02
-1.022000000000000e-01
-1.168000000000000e-01
-1.314000000000000e-01
-1.460000000000000e-01
-1.606000000000000e-01
-1.752000000000000e-01
-1.898000000000000e-01
-2.044000000000000e-01
-2.190000000000000e-01
-2.336000000000000e-01
-2.482000000000000e-01
-2.628000000000000e-01
-2.774000000000000e-01
-2.920000000000000e-01
-3.066000000000000e-01
-3.212000000000000e-01
-3.358000000000000e-01
-3.504000000000000e-01
-3.650000000000000e-01
-3.795999999999999e-01
-3.942000000000000e-01
-4.087999999999999e-01
-4.234000000000000e-01
-4.379999999999999e-01
5.839999999999998e-02
5.839999999999998e-02
5.839999999999998e-02
5.839999999999998e-02
5.839999999999998e-02
5.839999999999998e-02
5.839999999999998e-02
4.379999999999999e-02
2.919999999999999e-02
1.460000000000000e-02
0.000000000000000e+00
-1.460000000000000e-02
-2.920000000000000e-02
-4.380000000000001e-02
-5.840000000000001e-02
-7.300000000000001e-02
-8.760000000000001e-02
-1.022000000000000e-01
-1.168000000000000e-01
-1.314000000000000e-01
-1.460000000000000e-01
-1.606000000000000e-01
-1.752000000000000e-01
-1.898000000000000e-01
-2.044000000000000e-01
-2.190000000000000e-01
-2.336000000000000e-01
-2.482000000000000e-01
-2.628000000000000e-01
-2.774000000000000e-01
-2.920000000000000e-01
-3.066000000000000e-01
-3.212000000000000e-01
-3.358000000000000e-01
-3.504000000000000e-01
-3.650000000000000e-01
-3.795999999999999e-01
-3.942000000000000e-01
-4.087999999999999e-01
-4.234000000000000e-01
-4.379999999999999e-01
4.379999999999998e-02
4.379999999999998e-02
4.379999999999998e-02
4.379999999999998e-02
4.379999999999998e-02
4.379999999999998e-02
4.379999999999998e-02
4.379999999999998e-02
2.919999999999999e-02
1.460000000000000e-02
0.000000000000000e+00
-1.460000000000000e-02
-2.920000000000000e-02
-4.380000000000001e-02
-5.840000000000001e-02
-7.300000000000001e-02
-8.760000000000001e-02
-1.022000000000000e-01
-1.168000000000000e-01
-1.314000000000000e-01
-1.460000000000000e-01
-1.606000000000000e-01
-1.752000000000000e-01
-1.898000000000000e-01
-2.044000000000000e-01
-2.190000000000000e-01
-2.336000000000000e-01
-2.482000000000000e-01
-2.628000000000000e-01
-2.774000000000000e-01
-2.920000000000000e-01
-3.066000000000000e-01
-3.212000000000000e-01
-3.358000000000000e-01
-3.504000000000000e-01
-3.650000000000000e-01
-3.795999999999999e-01
-3.942000000000000e-01
-4.087999999999999e-01
-4.234000000000000e-01
-4.379999999999999e-01
4.379999999999998e-02
4.379999999999998e-02
4.379999999999998e-02
4.379999999999998e-02
4.379999999999998e-02
4.379999999999998e-02
4.379999999999998e-02
4.379999999999998e-02
2.919999999999999e-02
1.460000000000000e-02
0.000000000000000e+00
-1.460000000000000e-02
-2.920000000000000e-02
-4.380000000000001e-02
-5.840000000000001e-02
-7.300000000000001e-02
-8.760000000000001e-02
-1.022000000000000e-01
-1.168000000000000e-01
-1.314000000000000e-01
-1.460000000000000e-01
-1.606000000000000e-01
-1.752000000000000e-01
-1.898000000000000e-01
-2.044000000000000e-01
-2.190000000000000e-01
-2.336000000000000e-01
-2.482000000000000e-01
-2.628000000000000e-01
-2.774000000000000e-01
-2.920000000000000e-01
-3.066000000000000e-01
-3.212000000000000e-01
-3.358000000000000e-01
-3.504000000000000e-01
-3.650000000000000e-01
-3.795999999999999e-01
-3.942000000000000e-01
-4.087999999999999e-01
-4.234000000000000e-01
-4.379999999999999e-01
2.920000000000000e-02
2.920000000000000e-02
2.920000000000000e-02
2.920000000000000e-02
2.920000000000000e-02
2.920000000000000e-02
2.920000000000000e-02
2.920000000000000e-02
2.919999999999999e-02
1.460000000000000e-02
0.000000000000000e+00
-1.460000000000000e-02
-2.920000000000000e-02
-4.380000000000001e-02
-5.840000000000001e-02
-7.300000000000001e-02
-8.760000000000001e-02
-1.022000000000000e-01
-1.168000000000000e-01
-1.314000000000000e-01
-1.460000000000000e-01
-1.606000000000000e-01
-1.752000000000000e-01
-1.898000000000000e-01
-2.044000000000000e-01
-2.190000000000000e-01
-2.336000000000000e-01
-2.482000000000000e-01
-2.628000000000000e-01
-2.774000000000000e-01
-2.920000000000000e-01
-3.066000000000000e-01
-3.212000000000000e-01
-3.358000000000000e-01
-3.504000000000000e-01
-3.650000000000000e-01
-3.795999999999999e-01
-3.942000000000000e-01
-4.087999999999999e-01
-4.234000000000000e-01
-4.379999999999999e-01
2.920000000000000e-02
2.920000000000000e-02
2.920000000000000e-02
2.920000000000000e-02
2.920000000000000e-02
2.920000000000000e-02
2.920000000000000e-02
2.920000000000000e-02
2.919999999999999e-02
1.460000000000000e-02
0.000000000000000e+00
-1.460000000000000e-02
-2.920000000000000e-02
-4.380000000000001e-02
-5.840000000000001e-02
-7.300000000000001e-02
-8.760000000000001e-02
-1.022000000000000e-01
-1.168000000000000e-01
-1.314000000000000e-01
-1.460000000000000e-01
-1.606000000000000e-01
-1.752000000000000e-01
-1.898000000000000e-01
-2.044000000000000e-01
-2.190000000000000e-01
-2.336000000000000e-01
-2.482000000000000e-01
-2.628000000000000e-01
-2.774000000000000e-01
-2.920000000000000e-01
-3.066000000000000e-01
-3.212000000000000e-01
-3.358000000000000e-01
-3.504000000000000e-01
-3.650000000000000e-01
-3.795999999999999e-01
-3.942000000000000e-01
-4.087999999999999e-01
-4.234000000000000e-01
-4.379999999999999e-01
1.460000000000000e-02
1.460000000000000e-02
1.460000000000000e-02
1.460000000000000e-02
1.460000000000000e-02
1.460000000000000e-02
1.460000000000000e-02
1.460000000000000e-02
1.460000000000000e-02
1.460000000000000e-02
0.000000000000000e+00
-1.460000000000000e-02
-2.920000000000000e-02
-4.380000000000001e-02
-5.840000000000001e-02
-7.300000000000001e-02
-8.760000000000001e-02
-1.022000000000000e-01
-1.168000000000000e-01
-1.314000000000000e-01
-1.460000000000000e-01
-1.606000000000000e-01
-1.752000000000000e-01
-1.898000000000000e-01
-2.044000000000000e-01
-2.190000000000000e-01
-2.336000000000000e-01
-2.482000000000000e-01
-2.628000000000000e-01
-2.774000000000000e-01
-2.920000000000000e-01
-3.066000000000000e-01
-3.212000000000000e-01
-3.358000000000000e-01
-3.504000000000000e-01
-3.650000000000000e-01
-3.795999999999999e-01
-3.942000000000000e-01
-4.087999999999999e-01
-4.234000000000000e-01
-4.379999999999999e-01
1.460000000000000e-02
1.460000000000000e-02
1.460000000000000e-02
1.460000000000000e-02
1.460000000000000e-02
1.460000000000000e-02
1.460000000000000e-02
1.460000000000000e-02
1.460000000000000e-02
1.460000000000000e-02
0.000000000000000e+00
-1.460000000000000e-02
-2.920000000000000e-02
-4.380000000000001e-02
-5.840000000000001e-02
-7.300000000000001e-02
-8.760000000000001e-02
-1.022000000000000e-01
-1.168000000000000e-01
-1.314000000000000e-01
-1.460000000000000e-01
-1.606000000000000e-01
-1.752000000000000e-01
-1.898000000000000e-01
-2.044000000000000e-01
-2.190000000000000e-01
-2.336000000000000e-01
-2.482000000000000e-01
-2.628000000000000e-01
-2.774000000000000e-01
-2.920000000000000e-01
-3.066000000000000e-01
-3.212000000000000e-01
-3.358000000000000e-01
-3.504000000000000e-01
-3.650000000000000e-01
-3.795999999999999e-01
-3.942000000000000e-01
-4.087999999999999e-01
-4.234000000000000e-01
-4.379999999999999e-01
0.000000000000000e+00
0.000000000000000e+00
0.000000000000000e+00
0.000000000000000e+00
0.000000000000000e+00
0.000000000000000e+00
0.000000000000000e+00
0.000000000000000e+00
0.000000000000000e+00
0.000000000000000e+00
0.000000000000000e+00
-1.460000000000000e-02
-2.920000000000000e-02
-4.380000000000001e-02
-5.840000000000001e-02
-7.300000000000001e-02
-8.760000000000001e-02
-1.022000000000000e-01
-1.168000000000000e-01
-1.314000000000000e-01
-1.460000000000000e-01
-1.606000000000000e-01
-1.752000000000000e-01
-1.898000000000000e-01
-2.044000000000000e-01
-2.190000000000000e-01
-2.336000000000000e-01
-2.482000000000000e-01
-2.628000000000000e-01
-2.774000000000000e-01
-2.920000000000000e-01
-3.066000000000000e-01
-3.212000000000000e-01
-3.358000000000000e-01
-3.504000000000000e-01
-3.650000000000000e-01
-3.795999999999999e-01
-3.942000000000000e-01
-4.087999999999999e-01
-4.234000000000000e-01
-4.379999999999999e-01
0.000000000000000e+00
0.000000000000000e+00
0.000000000000000e+00
0.000000000000000e+00
0.000000000000000e+00
0.000000000000000e+00
0.000000000000000e+00
0.000000000000000e+00
0.000000000000000e+00
0.000000000000000e+00
0.000000000000000e+00
-1.460000000000000e-02
-2.920000000000000e-02
-4.380000000000001e-02
-5.840000000000001e-02
-7.300000000000001e-02
-8.760000000000001e-02
-1.022000000000000e-01
-1.168000000000000e-01
-1.314000000000000e-01
-1.460000000000000e-01
-1.606000000000000e-01
-1.752000000000000e-01
-1.898000000000000e-01
-2.044000000000000e-01
-2.190000000000000e-01
-2.336000000000000e-01
-2.482000000000000e-01
-2.628000000000000e-01
-2.774000000000000e-01
-2.920000000000000e-01
-3.066000000000000e-01
-3.212000000000000e-01
-3.358000000000000e-01
-3.504000000000000e-01
-3.650000000000000e-01
-3.795999999999999e-01
-3.942000000000000e-01
-4.087999999999999e-01
-4.234000000000000e-01
-4.379999999999999e-01
-1.460000000000000e-02
-1.460000000000000e-02
-1.460000000000000e-02
-1.460000000000000e-02
-1.460000000000000e-02
-1.460000000000000e-02
-1.460000000000000e-02
-1.460000000000000e-02
-1.460000000000000e-02
-1.460000000000000e-02
-1.460000000000000e-02
-2.064751801064719e-02
-3.264659247149693e-02
-4.616925383845834e-02
-6.019734213401785e-02
-7.444568489845467e-02
-8.880833294235402e-02
-1.032375900532359e-01
-1.177089631251588e-01
-1.322086230168063e-01
-1.467281840683650e-01
-1.612622708509340e-01
-1.758072808503675e-01
-1.903607102319173e-01
-2.049207651752257e-01
-2.194861271242445e-01
-2.340558053114684e-01
-2.486290409425255e-01
-2.632052431088713e-01
-2.777839448204306e-01
-2.923647721597115e-01
-3.069474222077781e-01
-3.215316469649606e-01
-3.361172414500631e-01
-3.507040347643580e-01
-3.652918832933466e-01
-3.798806654727244e-01
-3.944702777143038e-01
-4.090606312027594e-01
-4.236516493535697e-01
-4.382432657782661e-01
-1.460000000000000e-02
-1.460000000000000e-02
-1.460000000000000e-02
-1.460000000000000e-02
-1.460000000000000e-02
-1.460000000000000e-02
-1.460000000000000e-02
-1.460000000000000e-02
-1.460000000000000e-02
-1.460000000000000e-02
-1.460000000000000e-02
-2.064751801064719e-02
-3.264659247149693e-02
-4.616925383845834e-02
-6.019734213401785e-02
-7.444568489845467e-02
-8.880833294235402e-02
-1.032375900532359e-01
-1.177089631251588e-01
-1.322086230168063e-01
-1.467281840683650e-01
-1.612622708509340e-01
-1.758072808503675e-01
-1.903607102319173e-01
-2.049207651752257e-01
-2.194861271242445e-01
-2.340558053114684e-01
-2.486290409425255e-01
-2.632052431088713e-01
-2.777839448204306e-01
-2.923647721597115e-01
-3.069474222077781e-01
-3.215316469649606e-01
-3.361172414500631e-01
-3.507040347643580e-01
-3.652918832933466e-01
-3.798806654727244e-01
-3.944702777143038e-01
-4.090606312027594e-01
-4.236516493535697e-01
-4.382432657782661e-01
-2.920000000000000e-02
-2.920000000000000e-02
-2.920000000000000e-02
-2.920000000000000e-02
-2.920000000000000e-02
-2.920000000000000e-02
-2.920000000000000e-02
-2.920000000000000e-02
-2.920000000000000e-02
-2.920000000000000e-02
-2.920000000000000e-02
-3.264659247149693e-02
-4.129503602129438e-02
-5.264104862177425e-02
-6.529318494299387e-02
-7.862340618416376e-02
-9.233850767691669e-02
-1.062896043834956e-01
-1.203946842680357e-01
-1.346053490764761e-01
-1.488913697969093e-01
-1.632329623574846e-01
-1.776166658847080e-01
-1.920330179943022e-01
-2.064751801064719e-01
-2.209380908761547e-01
-2.354179262503177e-01
-2.499117444219059e-01
-2.644172460336126e-01
-2.789326083483249e-01
-2.934563681367300e-01
-3.079873374020432e-01
-3.225245417018681e-01
-3.370671743139637e-01
-3.516145617007351e-01
-3.661661371563460e-01
-3.807214204638346e-01
-3.952800020238818e-01
-4.098415303504513e-01
-4.244057021294600e-01
-4.389722542484888e-01
-2.920000000000000e-02
-2.920000000000000e-02
-2.920000000000000e-02
-2.920000000000000e-02
-2.920000000000000e-02
-2.920000000000000e-02
-2.920000000000000e-02
-2.920000000000000e-02
-2.920000000000000e-02
-2.920000000000000e-02
-2.920000000000000e-02
-3.264659247149693e-02
-4.129503602129438e-02
-5.264104862177425e-02
-6.529318494299387e-02
-7.862340618416376e-02
-9.233850767691669e-02
-1.062896043834956e-01
-1.203946842680357e-01
-1.346053490764761e-01
-1.488913697969093e-01
-1.632329623574846e-01
-1.776166658847080e-01
-1.920330179943022e-01
-2.064751801064719e-01
-2.209380908761547e-01
-2.354179262503177e-01
-2.499117444219059e-01
-2.644172460336126e-01
-2.789326083483249e-01
-2.934563681367300e-01
-3.079873374020432e-01
-3.225245417018681e-01
-3.370671743139637e-01
-3.516145617007351e-01
-3.661661371563460e-01
-3.807214204638346e-01
-3.952800020238818e-01
-4.098415303504513e-01
-4.244057021294600e-01
-4.389722542484888e-01
-4.380000000000001e-02
-4.380000000000001e-02
-4.380000000000001e-02
-4.380000000000001e-02
-4.380000000000001e-02
-4.380000000000001e-02
-4.380000000000001e-02
-4.380000000000001e-02
-4.380000000000001e-02
-4.380000000000001e-02
-4.380000000000001e-02
-4.616925383845834e-02
-5.264104862177425e-02
-6.194255403194157e-02
-7.300000000000001e-02
-8.513189766474140e-02
-9.793977741449079e-02
-1.111902873456131e-01
-1.247424546816359e-01
-1.385077615153750e-01
-1.524284750300940e-01
-1.664656120644741e-01
-1.805920264020535e-01
-1.947882953362445e-01
-2.090401875238348e-01
-2.233370546953640e-01
-2.376707807030557e-01
-2.520350769238282e-01
-2.664249988270621e-01
-2.808366073004016e-01
-2.952667268758876e-01
-3.097127701597078e-01
-3.241726083431480e-01
-3.386444743385015e-01
-3.531268893754765e-01
-3.676186067108138e-01
-3.821185679864300e-01
-3.966258690504189e-01
-4.111397329375986e-01
-4.256594883237069e-01
-4.401845522050949e-01
-4.380000000000001e-02
-4.380000000000001e-02
-4.380000000000001e-02
-4.380000000000001e-02
-4.380000000000001e-02
-4.380000000000001e-02
-4.380000000000001e-02
-4.380000000000001e-02
-4.380000000000001e-02
-4.380000000000001e-02
-4.380000000000001e-02
-4.616925383845834e-02
-5.264104862177425e-02
-6.194255403194157e-02
-7.300000000000001e-02
-8.513189766474140e-02
-9.793977741449079e-02
-1.111902873456131e-01
-1.247424546816359e-01
-1.385077615153750e-01
-1.524284750300940e-01
-1.664656120644741e-01
-1.805920264020535e-01
-1.947882953362445e-01
-2.090401875238348e-01
-2.233370546953640e-01
-2.376707807030557e-01
-2.520350769238282e-01
-2.664249988270621e-01
-2.808366073004016e-01
-2.952667268758876e-01
-3.097127701597078e-01
-3.241726083431480e-01
-3.386444743385015e-01
-3.531268893754765e-01
-3.676186067108138e-01
-3.821185679864300e-01
-3.966258690504189e-01
-4.111397329375986e-01
-4.256594883237069e-01
-4.401845522050949e-01
-5.840000000000001e-02
-5.840000000000001e-02
-5.840000000000001e-02
-5.840000000000001e-02
-5.840000000000001e-02
-5.840000000000001e-02
-5.840000000000001e-02
-5.840000000000001e-02
-5.840000000000001e-02
-5.840000000000001e-02
-5.840000000000001e-02
-6.019734213401785e-02
-6.529318494299387e-02
-7.300000000000001e-02
-8.259007204258877e-02
-9.348561386651960e-02
-1.052820972435485e-01
-1.177089631251588e-01
-1.305863698859877e-01
-1.437933239062231e-01
-1.572468123683275e-01
-1.708886186965065e-01
-1.846770153538334e-01
-1.985814694275375e-01
-2.125792087669911e-01
-2.266529505653963e-01
-2.407893685360714e-01
-2.549780382699655e-01
-2.692106981529523e-01
-2.834807224486349e-01
-2.977827395938187e-01
-3.121123515659064e-01
-3.264659247149693e-01
-3.408404318739195e-01
-3.552333317694161e-01
-3.696424759142272e-01
-3.840660359886044e-01
-3.985024466675205e-01
-4.129503602129437e-01
-4.274086101144898e-01
-4.418761817523094e-01
-5.840000000000001e-02
-5.840000000000001e-02
-5.840000000000001e-02
-5.840000000000001e-02
-5.840000000000001e-02
-5.840000000000001e-02
-5.840000000000001e-02
-5.840000000000001e-02
-5.840000000000001e-02
-5.840000000000001e-02
-5.840000000000001e-02
-6.019734213401785e-02
-6.529318494299387e-02
-7.300000000000001e-02
-8.259007204258877e-02
-9.348561386651960e-02
-1.052820972435485e-01
-1.177089631251588e-01
-1.305863698859877e-01
-1.437933239062231e-01
-1.572468123683275e-01
-1.708886186965065e-01
-1.846770153538334e-01
-1.985814694275375e-01
-2.125792087669911e-01
-2.266529505653963e-01
-2.407893685360714e-01
-2.549780382699655e-01
-2.692106981529523e-01
-2.834807224486349e-01
-2.977827395938187e-01
-3.121123515659064e-01
-3.264659247149693e-01
-3.408404318739195e-01
-3.552333317694161e-01
-3.696424759142272e-01
-3.840660359886044e-01
-3.985024466675205e-01
-4.129503602129437e-01
-4.274086101144898e-01
-4.418761817523094e-01
