2048 4
0 1 42 41 
0 82 83 1 
41 42 124 123 
0 41 123 82 
1 2 43 42 
1 83 84 2 
42 43 125 124 
2 3 44 43 
2 84 85 3 
43 44 126 125 
3 4 45 44 
3 85 86 4 
44 45 127 126 
4 5 46 45 
4 86 87 5 
45 46 128 127 
5 6 47 46 
5 87 88 6 
46 47 129 128 
6 7 48 47 
6 88 89 7 
47 48 130 129 
7 8 49 48 
7 89 90 8 
48 49 131 130 
8 9 50 49 
8 90 91 9 
49 50 132 131 
9 10 51 50 
9 91 92 10 
50 51 133 132 
10 11 52 51 
10 92 93 11 
51 52 134 133 
11 12 53 52 
11 93 94 12 
52 53 135 134 
12 13 54 53 
12 94 95 13 
53 54 136 135 
13 14 55 54 
13 95 96 14 
54 55 137 136 
14 15 56 55 
14 96 97 15 
55 56 138 137 
15 16 57 56 
15 97 98 16 
56 57 139 138 
16 17 58 57 
16 98 99 17 
57 58 140 139 
17 18 59 58 
17 99 100 18 
58 59 141 140 
18 19 60 59 
18 100 101 19 
59 60 142 141 
19 20 61 60 
19 101 102 20 
60 61 143 142 
20 21 62 61 
20 102 103 21 
61 62 144 143 
21 22 63 62 
21 103 104 22 
62 63 145 144 
22 23 64 63 
22 104 105 23 
63 64 146 145 
23 24 65 64 
23 105 106 24 
64 65 147 146 
24 25 66 65 
24 106 107 25 
65 66 148 147 
25 26 67 66 
25 107 108 26 
66 67 149 148 
26 27 68 67 
26 108 109 27 
67 68 150 149 
27 28 69 68 
27 109 110 28 
68 69 151 150 
28 29 70 69 
28 110 111 29 
69 70 152 151 
29 30 71 70 
29 111 112 30 
70 71 153 152 
30 31 72 71 
30 112 113 31 
71 72 154 153 
31 32 73 72 
31 113 114 32 
72 73 155 154 
32 33 74 73 
32 114 115 33 
73 74 156 155 
33 34 75 74 
33 115 116 34 
74 75 157 156 
34 35 76 75 
34 116 117 35 
75 76 158 157 
35 36 77 76 
35 117 118 36 
76 77 159 158 
36 37 78 77 
36 118 119 37 
77 78 160 159 
37 38 79 78 
37 119 120 38 
78 79 161 160 
38 39 80 79 
38 120 121 39 
79 80 162 161 
39 40 81 80 
39 121 122 40 
80 81 163 162 
40 122 163 81 
82 164 165 83 
123 124 206 205 
82 123 205 164 
83 165 166 84 
124 125 207 206 
84 166 167 85 
125 126 208 207 
85 167 168 86 
126 127 209 208 
86 168 169 87 
127 128 210 209 
87 169 170 88 
128 129 211 210 
88 170 171 89 
129 130 212 211 
89 171 172 90 
130 131 213 212 
90 172 173 91 
131 132 214 213 
91 173 174 92 
132 133 215 214 
92 174 175 93 
133 134 216 215 
93 175 176 94 
134 135 217 216 
94 176 177 95 
135 136 218 217 
95 177 178 96 
136 137 219 218 
96 178 179 97 
137 138 220 219 
97 179 180 98 
138 139 221 220 
98 180 181 99 
139 140 222 221 
99 181 182 100 
140 141 223 222 
100 182 183 101 
141 142 224 223 
101 183 184 102 
142 143 225 224 
102 184 185 103 
143 144 226 225 
103 185 186 104 
144 145 227 226 
104 186 187 105 
145 146 228 227 
105 187 188 106 
146 147 229 228 
106 188 189 107 
147 148 230 229 
107 189 190 108 
148 149 231 230 
108 190 191 109 
149 150 232 231 
109 191 192 110 
150 151 233 232 
110 192 193 111 
151 152 234 233 
111 193 194 112 
152 153 235 234 
112 194 195 113 
153 154 236 235 
113 195 196 114 
154 155 237 236 
114 196 197 115 
155 156 238 237 
115 197 198 116 
156 157 239 238 
116 198 199 117 
157 158 240 239 
117 199 200 118 
158 159 241 240 
118 200 201 119 
159 160 242 241 
119 201 202 120 
160 161 243 242 
120 202 203 121 
161 162 244 243 
121 203 204 122 
162 163 245 244 
122 204 245 163 
164 246 247 165 
205 206 288 287 
164 205 287 246 
165 247 248 166 
206 207 289 288 
166 248 249 167 
207 208 290 289 
167 249 250 168 
208 209 291 290 
168 250 251 169 
209 210 292 291 
169 251 252 170 
210 211 293 292 
170 252 253 171 
211 212 294 293 
171 253 254 172 
212 213 295 294 
172 254 255 173 
213 214 296 295 
173 255 256 174 
214 215 297 296 
174 256 257 175 
215 216 298 297 
175 257 258 176 
216 217 299 298 
176 258 259 177 
217 218 300 299 
177 259 260 178 
218 219 301 300 
178 260 261 179 
219 220 302 301 
179 261 262 180 
220 221 303 302 
180 262 263 181 
221 222 304 303 
181 263 264 182 
222 223 305 304 
182 264 265 183 
223 224 306 305 
183 265 266 184 
224 225 307 306 
184 266 267 185 
225 226 308 307 
185 267 268 186 
226 227 309 308 
186 268 269 187 
227 228 310 309 
187 269 270 188 
228 229 311 310 
188 270 271 189 
229 230 312 311 
189 271 272 190 
230 231 313 312 
190 272 273 191 
231 232 314 313 
191 273 274 192 
232 233 315 314 
192 274 275 193 
233 234 316 315 
193 275 276 194 
234 235 317 316 
194 276 277 195 
235 236 318 317 
195 277 278 196 
236 237 319 318 
196 278 279 197 
237 238 320 319 
197 279 280 198 
238 239 321 320 
198 280 281 199 
239 240 322 321 
199 281 282 200 
240 241 323 322 
200 282 283 201 
241 242 324 323 
201 283 284 202 
242 243 325 324 
202 284 285 203 
243 244 326 325 
203 285 286 204 
244 245 327 326 
204 286 327 245 
246 328 329 247 
287 288 370 369 
246 287 369 328 
247 329 330 248 
288 289 371 370 
248 330 331 249 
289 290 372 371 
249 331 332 250 
290 291 373 372 
250 332 333 251 
291 292 374 373 
251 333 334 252 
292 293 375 374 
252 334 335 253 
293 294 376 375 
253 335 336 254 
294 295 377 376 
254 336 337 255 
295 296 378 377 
255 337 338 256 
296 297 379 378 
256 338 339 257 
297 298 380 379 
257 339 340 258 
298 299 381 380 
258 340 341 259 
299 300 382 381 
259 341 342 260 
300 301 383 382 
260 342 343 261 
301 302 384 383 
261 343 344 262 
302 303 385 384 
262 344 345 263 
303 304 386 385 
263 345 346 264 
304 305 387 386 
264 346 347 265 
305 306 388 387 
265 347 348 266 
306 307 389 388 
266 348 349 267 
307 308 390 389 
267 349 350 268 
308 309 391 390 
268 350 351 269 
309 310 392 391 
269 351 352 270 
310 311 393 392 
270 352 353 271 
311 312 394 393 
271 353 354 272 
312 313 395 394 
272 354 355 273 
313 314 396 395 
273 355 356 274 
314 315 397 396 
274 356 357 275 
315 316 398 397 
275 357 358 276 
316 317 399 398 
276 358 359 277 
317 318 400 399 
277 359 360 278 
318 319 401 400 
278 360 361 279 
319 320 402 401 
279 361 362 280 
320 321 403 402 
280 362 363 281 
321 322 404 403 
281 363 364 282 
322 323 405 404 
282 364 365 283 
323 324 406 405 
283 365 366 284 
324 325 407 406 
284 366 367 285 
325 326 408 407 
285 367 368 286 
326 327 409 408 
286 368 409 327 
328 410 411 329 
369 370 452 451 
328 369 451 410 
329 411 412 330 
370 371 453 452 
330 412 413 331 
371 372 454 453 
331 413 414 332 
372 373 455 454 
332 414 415 333 
373 374 456 455 
333 415 416 334 
374 375 457 456 
334 416 417 335 
375 376 458 457 
335 417 418 336 
376 377 459 458 
336 418 419 337 
377 378 460 459 
337 419 420 338 
378 379 461 460 
338 420 421 339 
379 380 462 461 
339 421 422 340 
380 381 463 462 
340 422 423 341 
381 382 464 463 
341 423 424 342 
382 383 465 464 
342 424 425 343 
383 384 466 465 
343 425 426 344 
384 385 467 466 
344 426 427 345 
385 386 468 467 
345 427 428 346 
386 387 469 468 
346 428 429 347 
387 388 470 469 
347 429 430 348 
388 389 471 470 
348 430 431 349 
389 390 472 471 
349 431 432 350 
390 391 473 472 
350 432 433 351 
391 392 474 473 
351 433 434 352 
392 393 475 474 
352 434 435 353 
393 394 476 475 
353 435 436 354 
394 395 477 476 
354 436 437 355 
395 396 478 477 
355 437 438 356 
396 397 479 478 
356 438 439 357 
397 398 480 479 
357 439 440 358 
398 399 481 480 
358 440 441 359 
399 400 482 481 
359 441 442 360 
400 401 483 482 
360 442 443 361 
401 402 484 483 
361 443 444 362 
402 403 485 484 
362 444 445 363 
403 404 486 485 
363 445 446 364 
404 405 487 486 
364 446 447 365 
405 406 488 487 
365 447 448 366 
406 407 489 488 
366 448 449 367 
407 408 490 489 
367 449 450 368 
408 409 491 490 
368 450 491 409 
410 492 493 411 
451 452 534 533 
410 451 533 492 
411 493 494 412 
452 453 535 534 
412 494 495 413 
453 454 536 535 
413 495 496 414 
454 455 537 536 
414 496 497 415 
455 456 538 537 
415 497 498 416 
456 457 539 538 
416 498 499 417 
457 458 540 539 
417 499 500 418 
458 459 541 540 
418 500 501 419 
459 460 542 541 
419 501 502 420 
460 461 543 542 
420 502 503 421 
461 462 544 543 
421 503 504 422 
462 463 545 544 
422 504 505 423 
463 464 546 545 
423 505 506 424 
464 465 547 546 
424 506 507 425 
465 466 548 547 
425 507 508 426 
466 467 549 548 
426 508 509 427 
467 468 550 549 
427 509 510 428 
468 469 551 550 
428 510 511 429 
469 470 552 551 
429 511 512 430 
470 471 553 552 
430 512 513 431 
471 472 554 553 
431 513 514 432 
472 473 555 554 
432 514 515 433 
473 474 556 555 
433 515 516 434 
474 475 557 556 
434 516 517 435 
475 476 558 557 
435 517 518 436 
476 477 559 558 
436 518 519 437 
477 478 560 559 
437 519 520 438 
478 479 561 560 
438 520 521 439 
479 480 562 561 
439 521 522 440 
480 481 563 562 
440 522 523 441 
481 482 564 563 
441 523 524 442 
482 483 565 564 
442 524 525 443 
483 484 566 565 
443 525 526 444 
484 485 567 566 
444 526 527 445 
485 486 568 567 
445 527 528 446 
486 487 569 568 
446 528 529 447 
487 488 570 569 
447 529 530 448 
488 489 571 570 
448 530 531 449 
489 490 572 571 
449 531 532 450 
490 491 573 572 
450 532 573 491 
492 574 575 493 
533 534 616 615 
492 533 615 574 
493 575 576 494 
534 535 617 616 
494 576 577 495 
535 536 618 617 
495 577 578 496 
536 537 619 618 
496 578 579 497 
537 538 620 619 
497 579 580 498 
538 539 621 620 
498 580 581 499 
539 540 622 621 
499 581 582 500 
540 541 623 622 
500 582 583 501 
541 542 624 623 
501 583 584 502 
542 543 625 624 
502 584 585 503 
543 544 626 625 
503 585 586 504 
544 545 627 626 
504 586 587 505 
545 546 628 627 
505 587 588 506 
546 547 629 628 
506 588 589 507 
547 548 630 629 
507 589 590 508 
548 549 631 630 
508 590 591 509 
549 550 632 631 
509 591 592 510 
550 551 633 632 
510 592 593 511 
551 552 634 633 
511 593 594 512 
552 553 635 634 
512 594 595 513 
553 554 636 635 
513 595 596 514 
554 555 637 636 
514 596 597 515 
555 556 638 637 
515 597 598 516 
556 557 639 638 
516 598 599 517 
557 558 640 639 
517 599 600 518 
558 559 641 640 
518 600 601 519 
559 560 642 641 
519 601 602 520 
560 561 643 642 
520 602 603 521 
561 562 644 643 
521 603 604 522 
562 563 645 644 
522 604 605 523 
563 564 646 645 
523 605 606 524 
564 565 647 646 
524 606 607 525 
565 566 648 647 
525 607 608 526 
566 567 649 648 
526 608 609 527 
567 568 650 649 
527 609 610 528 
568 569 651 650 
528 610 611 529 
569 570 652 651 
529 611 612 530 
570 571 653 652 
530 612 613 531 
571 572 654 653 
531 613 614 532 
572 573 655 654 
532 614 655 573 
574 656 657 575 
615 616 698 697 
574 615 697 656 
575 657 658 576 
616 617 699 698 
576 658 659 577 
617 618 700 699 
577 659 660 578 
618 619 701 700 
578 660 661 579 
619 620 702 701 
579 661 662 580 
620 621 703 702 
580 662 663 581 
621 622 704 703 
581 663 664 582 
622 623 705 704 
582 664 665 583 
623 624 706 705 
583 665 666 584 
624 625 707 706 
584 666 667 585 
625 626 708 707 
585 667 668 586 
626 627 709 708 
586 668 669 587 
627 628 710 709 
587 669 670 588 
628 629 711 710 
588 670 671 589 
629 630 712 711 
589 671 672 590 
630 631 713 712 
590 672 673 591 
631 632 714 713 
591 673 674 592 
632 633 715 714 
592 674 675 593 
633 634 716 715 
593 675 676 594 
634 635 717 716 
594 676 677 595 
635 636 718 717 
595 677 678 596 
636 637 719 718 
596 678 679 597 
637 638 720 719 
597 679 680 598 
638 639 721 720 
598 680 681 599 
639 640 722 721 
599 681 682 600 
640 641 723 722 
600 682 683 601 
641 642 724 723 
601 683 684 602 
642 643 725 724 
602 684 685 603 
643 644 726 725 
603 685 686 604 
644 645 727 726 
604 686 687 605 
645 646 728 727 
605 687 688 606 
646 647 729 728 
606 688 689 607 
647 648 730 729 
607 689 690 608 
648 649 731 730 
608 690 691 609 
649 650 732 731 
609 691 692 610 
650 651 733 732 
610 692 693 611 
651 652 734 733 
611 693 694 612 
652 653 735 734 
612 694 695 613 
653 654 736 735 
613 695 696 614 
654 655 737 736 
614 696 737 655 
656 738 739 657 
697 698 780 779 
656 697 779 738 
657 739 740 658 
698 699 781 780 
658 740 741 659 
699 700 782 781 
659 741 742 660 
700 701 783 782 
660 742 743 661 
701 702 784 783 
661 743 744 662 
702 703 785 784 
662 744 745 663 
703 704 786 785 
663 745 746 664 
704 705 787 786 
664 746 747 665 
705 706 788 787 
665 747 748 666 
706 707 789 788 
666 748 749 667 
707 708 790 789 
667 749 750 668 
708 709 791 790 
668 750 751 669 
709 710 792 791 
669 751 752 670 
710 711 793 792 
670 752 753 671 
711 712 794 793 
671 753 754 672 
712 713 795 794 
672 754 755 673 
713 714 796 795 
673 755 756 674 
714 715 797 796 
674 756 757 675 
715 716 798 797 
675 757 758 676 
716 717 799 798 
676 758 759 677 
717 718 800 799 
677 759 760 678 
718 719 801 800 
678 760 761 679 
719 720 802 801 
679 761 762 680 
720 721 803 802 
680 762 763 681 
721 722 804 803 
681 763 764 682 
722 723 805 804 
682 764 765 683 
723 724 806 805 
683 765 766 684 
724 725 807 806 
684 766 767 685 
725 726 808 807 
685 767 768 686 
726 727 809 808 
686 768 769 687 
727 728 810 809 
687 769 770 688 
728 729 811 810 
688 770 771 689 
729 730 812 811 
689 771 772 690 
730 731 813 812 
690 772 773 691 
731 732 814 813 
691 773 774 692 
732 733 815 814 
692 774 775 693 
733 734 816 815 
693 775 776 694 
734 735 817 816 
694 776 777 695 
735 736 818 817 
695 777 778 696 
736 737 819 818 
696 778 819 737 
738 820 821 739 
779 780 862 861 
738 779 861 820 
739 821 822 740 
780 781 863 862 
740 822 823 741 
781 782 864 863 
741 823 824 742 
782 783 865 864 
742 824 825 743 
783 784 866 865 
743 825 826 744 
784 785 867 866 
744 826 827 745 
785 786 868 867 
745 827 828 746 
786 787 869 868 
746 828 829 747 
787 788 870 869 
747 829 830 748 
788 789 871 870 
748 830 831 749 
789 790 872 871 
749 831 832 750 
790 791 873 872 
750 832 833 751 
791 792 874 873 
751 833 834 752 
792 793 875 874 
752 834 835 753 
793 794 876 875 
753 835 836 754 
794 795 877 876 
754 836 837 755 
795 796 878 877 
755 837 838 756 
796 797 879 878 
756 838 839 757 
797 798 880 879 
757 839 840 758 
798 799 881 880 
758 840 841 759 
799 800 882 881 
759 841 842 760 
800 801 883 882 
760 842 843 761 
801 802 884 883 
761 843 844 762 
802 803 885 884 
762 844 845 763 
803 804 886 885 
763 845 846 764 
804 805 887 886 
764 846 847 765 
805 806 888 887 
765 847 848 766 
806 807 889 888 
766 848 849 767 
807 808 890 889 
767 849 850 768 
808 809 891 890 
768 850 851 769 
809 810 892 891 
769 851 852 770 
810 811 893 892 
770 852 853 771 
811 812 894 893 
771 853 854 772 
812 813 895 894 
772 854 855 773 
813 814 896 895 
773 855 856 774 
814 815 897 896 
774 856 857 775 
815 816 898 897 
775 857 858 776 
816 817 899 898 
776 858 859 777 
817 818 900 899 
777 859 860 778 
818 819 901 900 
778 860 901 819 
820 902 903 821 
861 862 944 943 
820 861 943 902 
821 903 904 822 
862 863 945 944 
822 904 905 823 
863 864 946 945 
823 905 906 824 
864 865 947 946 
824 906 907 825 
865 866 948 947 
825 907 908 826 
866 867 949 948 
826 908 909 827 
867 868 950 949 
827 909 910 828 
868 869 951 950 
828 910 911 829 
869 870 952 951 
829 911 912 830 
870 871 953 952 
830 912 913 831 
871 872 954 953 
831 913 914 832 
872 873 955 954 
832 914 915 833 
873 874 956 955 
833 915 916 834 
874 875 957 956 
834 916 917 835 
875 876 958 957 
835 917 918 836 
876 877 959 958 
836 918 919 837 
877 878 960 959 
837 919 920 838 
878 879 961 960 
838 920 921 839 
879 880 962 961 
839 921 922 840 
880 881 963 962 
840 922 923 841 
881 882 964 963 
841 923 924 842 
882 883 965 964 
842 924 925 843 
883 884 966 965 
843 925 926 844 
884 885 967 966 
844 926 927 845 
885 886 968 967 
845 927 928 846 
886 887 969 968 
846 928 929 847 
887 888 970 969 
847 929 930 848 
888 889 971 970 
848 930 931 849 
889 890 972 971 
849 931 932 850 
890 891 973 972 
850 932 933 851 
891 892 974 973 
851 933 934 852 
892 893 975 974 
852 934 935 853 
893 894 976 975 
853 935 936 854 
894 895 977 976 
854 936 937 855 
895 896 978 977 
855 937 938 856 
896 897 979 978 
856 938 939 857 
897 898 980 979 
857 939 940 858 
898 899 981 980 
858 940 941 859 
899 900 982 981 
859 941 942 860 
900 901 983 982 
860 942 983 901 
902 984 985 903 
943 944 1026 1025 
902 943 1025 984 
903 985 986 904 
944 945 1027 1026 
904 986 987 905 
945 946 1028 1027 
905 987 988 906 
946 947 1029 1028 
906 988 989 907 
947 948 1030 1029 
907 989 990 908 
948 949 1031 1030 
908 990 991 909 
949 950 1032 1031 
909 991 992 910 
950 951 1033 1032 
910 992 993 911 
951 952 1034 1033 
911 993 994 912 
952 953 1035 1034 
912 994 995 913 
953 954 1036 1035 
913 995 996 914 
954 955 1037 1036 
914 996 997 915 
955 956 1038 1037 
915 997 998 916 
956 957 1039 1038 
916 998 999 917 
957 958 1040 1039 
917 999 1000 918 
958 959 1041 1040 
918 1000 1001 919 
959 960 1042 1041 
919 1001 1002 920 
960 961 1043 1042 
920 1002 1003 921 
961 962 1044 1043 
921 1003 1004 922 
962 963 1045 1044 
922 1004 1005 923 
963 964 1046 1045 
923 1005 1006 924 
964 965 1047 1046 
924 1006 1007 925 
965 966 1048 1047 
925 1007 1008 926 
966 967 1049 1048 
926 1008 1009 927 
967 968 1050 1049 
927 1009 1010 928 
968 969 1051 1050 
928 1010 1011 929 
969 970 1052 1051 
929 1011 1012 930 
970 971 1053 1052 
930 1012 1013 931 
971 972 1054 1053 
931 1013 1014 932 
972 973 1055 1054 
932 1014 1015 933 
973 974 1056 1055 
933 1015 1016 934 
974 975 1057 1056 
934 1016 1017 935 
975 976 1058 1057 
935 1017 1018 936 
976 977 1059 1058 
936 1018 1019 937 
977 978 1060 1059 
937 1019 1020 938 
978 979 1061 1060 
938 1020 1021 939 
979 980 1062 1061 
939 1021 1022 940 
980 981 1063 1062 
940 1022 1023 941 
981 982 1064 1063 
941 1023 1024 942 
982 983 1065 1064 
942 1024 1065 983 
984 1066 1067 985 
1025 1026 1108 1107 
984 1025 1107 1066 
985 1067 1068 986 
1026 1027 1109 1108 
986 1068 1069 987 
1027 1028 1110 1109 
987 1069 1070 988 
1028 1029 1111 1110 
988 1070 1071 989 
1029 1030 1112 1111 
989 1071 1072 990 
1030 1031 1113 1112 
990 1072 1073 991 
1031 1032 1114 1113 
991 1073 1074 992 
1032 1033 1115 1114 
992 1074 1075 993 
1033 1034 1116 1115 
993 1075 1076 994 
1034 1035 1117 1116 
994 1076 1077 995 
1035 1036 1118 1117 
995 1077 1078 996 
1036 1037 1119 1118 
996 1078 1079 997 
1037 1038 1120 1119 
997 1079 1080 998 
1038 1039 1121 1120 
998 1080 1081 999 
1039 1040 1122 1121 
999 1081 1082 1000 
1040 1041 1123 1122 
1000 1082 1083 1001 
1041 1042 1124 1123 
1001 1083 1084 1002 
1042 1043 1125 1124 
1002 1084 1085 1003 
1043 1044 1126 1125 
1003 1085 1086 1004 
1044 1045 1127 1126 
1004 1086 1087 1005 
1045 1046 1128 1127 
1005 1087 1088 1006 
1046 1047 1129 1128 
1006 1088 1089 1007 
1047 1048 1130 1129 
1007 1089 1090 1008 
1048 1049 1131 1130 
1008 1090 1091 1009 
1049 1050 1132 1131 
1009 1091 1092 1010 
1050 1051 1133 1132 
1010 1092 1093 1011 
1051 1052 1134 1133 
1011 1093 1094 1012 
1052 1053 1135 1134 
1012 1094 1095 1013 
1053 1054 1136 1135 
1013 1095 1096 1014 
1054 1055 1137 1136 
1014 1096 1097 1015 
1055 1056 1138 1137 
1015 1097 1098 1016 
1056 1057 1139 1138 
1016 1098 1099 1017 
1057 1058 1140 1139 
1017 1099 1100 1018 
1058 1059 1141 1140 
1018 1100 1101 1019 
1059 1060 1142 1141 
1019 1101 1102 1020 
1060 1061 1143 1142 
1020 1102 1103 1021 
1061 1062 1144 1143 
1021 1103 1104 1022 
1062 1063 1145 1144 
1022 1104 1105 1023 
1063 1064 1146 1145 
1023 1105 1106 1024 
1064 1065 1147 1146 
1024 1106 1147 1065 
1066 1148 1149 1067 
1107 1108 1190 1189 
1066 1107 1189 1148 
1067 1149 1150 1068 
1108 1109 1191 1190 
1068 1150 1151 1069 
1109 1110 1192 1191 
1069 1151 1152 1070 
1110 1111 1193 1192 
1070 1152 1153 1071 
1111 1112 1194 1193 
1071 1153 1154 1072 
1112 1113 1195 1194 
1072 1154 1155 1073 
1113 1114 1196 1195 
1073 1155 1156 1074 
1114 1115 1197 1196 
1074 1156 1157 1075 
1115 1116 1198 1197 
1075 1157 1158 1076 
1116 1117 1199 1198 
1076 1158 1159 1077 
1117 1118 1200 1199 
1077 1159 1160 1078 
1118 1119 1201 1200 
1078 1160 1161 1079 
1119 1120 1202 1201 
1079 1161 1162 1080 
1120 1121 1203 1202 
1080 1162 1163 1081 
1121 1122 1204 1203 
1081 1163 1164 1082 
1122 1123 1205 1204 
1082 1164 1165 1083 
1123 1124 1206 1205 
1083 1165 1166 1084 
1124 1125 1207 1206 
1084 1166 1167 1085 
1125 1126 1208 1207 
1085 1167 1168 1086 
1126 1127 1209 1208 
1086 1168 1169 1087 
1127 1128 1210 1209 
1087 1169 1170 1088 
1128 1129 1211 1210 
1088 1170 1171 1089 
1129 1130 1212 1211 
1089 1171 1172 1090 
1130 1131 1213 1212 
1090 1172 1173 1091 
1131 1132 1214 1213 
1091 1173 1174 1092 
1132 1133 1215 1214 
1092 1174 1175 1093 
1133 1134 1216 1215 
1093 1175 1176 1094 
1134 1135 1217 1216 
1094 1176 1177 1095 
1135 1136 1218 1217 
1095 1177 1178 1096 
1136 1137 1219 1218 
1096 1178 1179 1097 
1137 1138 1220 1219 
1097 1179 1180 1098 
1138 1139 1221 1220 
1098 1180 1181 1099 
1139 1140 1222 1221 
1099 1181 1182 1100 
1140 1141 1223 1222 
1100 1182 1183 1101 
1141 1142 1224 1223 
1101 1183 1184 1102 
1142 1143 1225 1224 
1102 1184 1185 1103 
1143 1144 1226 1225 
1103 1185 1186 1104 
1144 1145 1227 1226 
1104 1186 1187 1105 
1145 1146 1228 1227 
1105 1187 1188 1106 
1146 1147 1229 1228 
1106 1188 1229 1147 
1148 1230 1231 1149 
1189 1190 1272 1271 
1148 1189 1271 1230 
1149 1231 1232 1150 
1190 1191 1273 1272 
1150 1232 1233 1151 
1191 1192 1274 1273 
1151 1233 1234 1152 
1192 1193 1275 1274 
1152 1234 1235 1153 
1193 1194 1276 1275 
1153 1235 1236 1154 
1194 1195 1277 1276 
1154 1236 1237 1155 
1195 1196 1278 1277 
1155 1237 1238 1156 
1196 1197 1279 1278 
1156 1238 1239 1157 
1197 1198 1280 1279 
1157 1239 1240 1158 
1198 1199 1281 1280 
1158 1240 1241 1159 
1199 1200 1282 1281 
1159 1241 1242 1160 
1200 1201 1283 1282 
1160 1242 1243 1161 
1201 1202 1284 1283 
1161 1243 1244 1162 
1202 1203 1285 1284 
1162 1244 1245 1163 
1203 1204 1286 1285 
1163 1245 1246 1164 
1204 1205 1287 1286 
1164 1246 1247 1165 
1205 1206 1288 1287 
1165 1247 1248 1166 
1206 1207 1289 1288 
1166 1248 1249 1167 
1207 1208 1290 1289 
1167 1249 1250 1168 
1208 1209 1291 1290 
1168 1250 1251 1169 
1209 1210 1292 1291 
1169 1251 1252 1170 
1210 1211 1293 1292 
1170 1252 1253 1171 
1211 1212 1294 1293 
1171 1253 1254 1172 
1212 1213 1295 1294 
1172 1254 1255 1173 
1213 1214 1296 1295 
1173 1255 1256 1174 
1214 1215 1297 1296 
1174 1256 1257 1175 
1215 1216 1298 1297 
1175 1257 1258 1176 
1216 1217 1299 1298 
1176 1258 1259 1177 
1217 1218 1300 1299 
1177 1259 1260 1178 
1218 1219 1301 1300 
1178 1260 1261 1179 
1219 1220 1302 1301 
1179 1261 1262 1180 
1220 1221 1303 1302 
1180 1262 1263 1181 
1221 1222 1304 1303 
1181 1263 1264 1182 
1222 1223 1305 1304 
1182 1264 1265 1183 
1223 1224 1306 1305 
1183 1265 1266 1184 
1224 1225 1307 1306 
1184 1266 1267 1185 
1225 1226 1308 1307 
1185 1267 1268 1186 
1226 1227 1309 1308 
1186 1268 1269 1187 
1227 1228 1310 1309 
1187 1269 1270 1188 
1228 1229 1311 1310 
1188 1270 1311 1229 
1230 1312 1313 1231 
1271 1272 1354 1353 
1230 1271 1353 1312 
1231 1313 1314 1232 
1272 1273 1355 1354 
1232 1314 1315 1233 
1273 1274 1356 1355 
1233 1315 1316 1234 
1274 1275 1357 1356 
1234 1316 1317 1235 
1275 1276 1358 1357 
1235 1317 1318 1236 
1276 1277 1359 1358 
1236 1318 1319 1237 
1277 1278 1360 1359 
1237 1319 1320 1238 
1278 1279 1361 1360 
1238 1320 1321 1239 
1279 1280 1362 1361 
1239 1321 1322 1240 
1280 1281 1363 1362 
1240 1322 1323 1241 
1281 1282 1364 1363 
1241 1323 1324 1242 
1282 1283 1365 1364 
1242 1324 1325 1243 
1283 1284 1366 1365 
1243 1325 1326 1244 
1284 1285 1367 1366 
1244 1326 1327 1245 
1285 1286 1368 1367 
1245 1327 1328 1246 
1286 1287 1369 1368 
1246 1328 1329 1247 
1287 1288 1370 1369 
1247 1329 1330 1248 
1288 1289 1371 1370 
1248 1330 1331 1249 
1289 1290 1372 1371 
1249 1331 1332 1250 
1290 1291 1373 1372 
1250 1332 1333 1251 
1291 1292 1374 1373 
1251 1333 1334 1252 
1292 1293 1375 1374 
1252 1334 1335 1253 
1293 1294 1376 1375 
1253 1335 1336 1254 
1294 1295 1377 1376 
1254 1336 1337 1255 
1295 1296 1378 1377 
1255 1337 1338 1256 
1296 1297 1379 1378 
1256 1338 1339 1257 
1297 1298 1380 1379 
1257 1339 1340 1258 
1298 1299 1381 1380 
1258 1340 1341 1259 
1299 1300 1382 1381 
1259 1341 1342 1260 
1300 1301 1383 1382 
1260 1342 1343 1261 
1301 1302 1384 1383 
1261 1343 1344 1262 
1302 1303 1385 1384 
1262 1344 1345 1263 
1303 1304 1386 1385 
1263 1345 1346 1264 
1304 1305 1387 1386 
1264 1346 1347 1265 
1305 1306 1388 1387 
1265 1347 1348 1266 
1306 1307 1389 1388 
1266 1348 1349 1267 
1307 1308 1390 1389 
1267 1349 1350 1268 
1308 1309 1391 1390 
1268 1350 1351 1269 
1309 1310 1392 1391 
1269 1351 1352 1270 
1310 1311 1393 1392 
1270 1352 1393 1311 
1312 1394 1395 1313 
1353 1354 1436 1435 
1312 1353 1435 1394 
1313 1395 1396 1314 
1354 1355 1437 1436 
1314 1396 1397 1315 
1355 1356 1438 1437 
1315 1397 1398 1316 
1356 1357 1439 1438 
1316 1398 1399 1317 
1357 1358 1440 1439 
1317 1399 1400 1318 
1358 1359 1441 1440 
1318 1400 1401 1319 
1359 1360 1442 1441 
1319 1401 1402 1320 
1360 1361 1443 1442 
1320 1402 1403 1321 
1361 1362 1444 1443 
1321 1403 1404 1322 
1362 1363 1445 1444 
1322 1404 1405 1323 
1363 1364 1446 1445 
1323 1405 1406 1324 
1364 1365 1447 1446 
1324 1406 1407 1325 
1365 1366 1448 1447 
1325 1407 1408 1326 
1366 1367 1449 1448 
1326 1408 1409 1327 
1367 1368 1450 1449 
1327 1409 1410 1328 
1368 1369 1451 1450 
1328 1410 1411 1329 
1369 1370 1452 1451 
1329 1411 1412 1330 
1370 1371 1453 1452 
1330 1412 1413 1331 
1371 1372 1454 1453 
1331 1413 1414 1332 
1372 1373 1455 1454 
1332 1414 1415 1333 
1373 1374 1456 1455 
1333 1415 1416 1334 
1374 1375 1457 1456 
1334 1416 1417 1335 
1375 1376 1458 1457 
1335 1417 1418 1336 
1376 1377 1459 1458 
1336 1418 1419 1337 
1377 1378 1460 1459 
1337 1419 1420 1338 
1378 1379 1461 1460 
1338 1420 1421 1339 
1379 1380 1462 1461 
1339 1421 1422 1340 
1380 1381 1463 1462 
1340 1422 1423 1341 
1381 1382 1464 1463 
1341 1423 1424 1342 
1382 1383 1465 1464 
1342 1424 1425 1343 
1383 1384 1466 1465 
1343 1425 1426 1344 
1384 1385 1467 1466 
1344 1426 1427 1345 
1385 1386 1468 1467 
1345 1427 1428 1346 
1386 1387 1469 1468 
1346 1428 1429 1347 
1387 1388 1470 1469 
1347 1429 1430 1348 
1388 1389 1471 1470 
1348 1430 1431 1349 
1389 1390 1472 1471 
1349 1431 1432 1350 
1390 1391 1473 1472 
1350 1432 1433 1351 
1391 1392 1474 1473 
1351 1433 1434 1352 
1392 1393 1475 1474 
1352 1434 1475 1393 
1394 1476 1477 1395 
1435 1436 1518 1517 
1394 1435 1517 1476 
1395 1477 1478 1396 
1436 1437 1519 1518 
1396 1478 1479 1397 
1437 1438 1520 1519 
1397 1479 1480 1398 
1438 1439 1521 1520 
1398 1480 1481 1399 
1439 1440 1522 1521 
1399 1481 1482 1400 
1440 1441 1523 1522 
1400 1482 1483 1401 
1441 1442 1524 1523 
1401 1483 1484 1402 
1442 1443 1525 1524 
1402 1484 1485 1403 
1443 1444 1526 1525 
1403 1485 1486 1404 
1444 1445 1527 1526 
1404 1486 1487 1405 
1445 1446 1528 1527 
1405 1487 1488 1406 
1446 1447 1529 1528 
1406 1488 1489 1407 
1447 1448 1530 1529 
1407 1489 1490 1408 
1448 1449 1531 1530 
1408 1490 1491 1409 
1449 1450 1532 1531 
1409 1491 1492 1410 
1450 1451 1533 1532 
1410 1492 1493 1411 
1451 1452 1534 1533 
1411 1493 1494 1412 
1452 1453 1535 1534 
1412 1494 1495 1413 
1453 1454 1536 1535 
1413 1495 1496 1414 
1454 1455 1537 1536 
1414 1496 1497 1415 
1455 1456 1538 1537 
1415 1497 1498 1416 
1456 1457 1539 1538 
1416 1498 1499 1417 
1457 1458 1540 1539 
1417 1499 1500 1418 
1458 1459 1541 1540 
1418 1500 1501 1419 
1459 1460 1542 1541 
1419 1501 1502 1420 
1460 1461 1543 1542 
1420 1502 1503 1421 
1461 1462 1544 1543 
1421 1503 1504 1422 
1462 1463 1545 1544 
1422 1504 1505 1423 
1463 1464 1546 1545 
1423 1505 1506 1424 
1464 1465 1547 1546 
1424 1506 1507 1425 
1465 1466 1548 1547 
1425 1507 1508 1426 
1466 1467 1549 1548 
1426 1508 1509 1427 
1467 1468 1550 1549 
1427 1509 1510 1428 
1468 1469 1551 1550 
1428 1510 1511 1429 
1469 1470 1552 1551 
1429 1511 1512 1430 
1470 1471 1553 1552 
1430 1512 1513 1431 
1471 1472 1554 1553 
1431 1513 1514 1432 
1472 1473 1555 1554 
1432 1514 1515 1433 
1473 1474 1556 1555 
1433 1515 1516 1434 
1474 1475 1557 1556 
1434 1516 1557 1475 
1476 1558 1559 1477 
1517 1518 1600 1599 
1476 1517 1599 1558 
1477 1559 1560 1478 
1518 1519 1601 1600 
1478 1560 1561 1479 
1519 1520 1602 1601 
1479 1561 1562 1480 
1520 1521 1603 1602 
1480 1562 1563 1481 
1521 1522 1604 1603 
1481 1563 1564 1482 
1522 1523 1605 1604 
1482 1564 1565 1483 
1523 1524 1606 1605 
1483 1565 1566 1484 
1524 1525 1607 1606 
1484 1566 1567 1485 
1525 1526 1608 1607 
1485 1567 1568 1486 
1526 1527 1609 1608 
1486 1568 1569 1487 
1527 1528 1610 1609 
1487 1569 1570 1488 
1528 1529 1611 1610 
1488 1570 1571 1489 
1529 1530 1612 1611 
1489 1571 1572 1490 
1530 1531 1613 1612 
1490 1572 1573 1491 
1531 1532 1614 1613 
1491 1573 1574 1492 
1532 1533 1615 1614 
1492 1574 1575 1493 
1533 1534 1616 1615 
1493 1575 1576 1494 
1534 1535 1617 1616 
1494 1576 1577 1495 
1535 1536 1618 1617 
1495 1577 1578 1496 
1536 1537 1619 1618 
1496 1578 1579 1497 
1537 1538 1620 1619 
1497 1579 1580 1498 
1538 1539 1621 1620 
1498 1580 1581 1499 
1539 1540 1622 1621 
1499 1581 1582 1500 
1540 1541 1623 1622 
1500 1582 1583 1501 
1541 1542 1624 1623 
1501 1583 1584 1502 
1542 1543 1625 1624 
1502 1584 1585 1503 
1543 1544 1626 1625 
1503 1585 1586 1504 
1544 1545 1627 1626 
1504 1586 1587 1505 
1545 1546 1628 1627 
1505 1587 1588 1506 
1546 1547 1629 1628 
1506 1588 1589 1507 
1547 1548 1630 1629 
1507 1589 1590 1508 
1548 1549 1631 1630 
1508 1590 1591 1509 
1549 1550 1632 1631 
1509 1591 1592 1510 
1550 1551 1633 1632 
1510 1592 1593 1511 
1551 1552 1634 1633 
1511 1593 1594 1512 
1552 1553 1635 1634 
1512 1594 1595 1513 
1553 1554 1636 1635 
1513 1595 1596 1514 
1554 1555 1637 1636 
1514 1596 1597 1515 
1555 1556 1638 1637 
1515 1597 1598 1516 
1556 1557 1639 1638 
1516 1598 1639 1557 
1558 1640 1641 1559 
1599 1600 1682 1681 
1558 1599 1681 1640 
1559 1641 1642 1560 
1600 1601 1683 1682 
1560 1642 1643 1561 
1601 1602 1684 1683 
1561 1643 1644 1562 
1602 1603 1685 1684 
1562 1644 1645 1563 
1603 1604 1686 1685 
1563 1645 1646 1564 
1604 1605 1687 1686 
1564 1646 1647 1565 
1605 1606 1688 1687 
1565 1647 1648 1566 
1606 1607 1689 1688 
1566 1648 1649 1567 
1607 1608 1690 1689 
1567 1649 1650 1568 
1608 1609 1691 1690 
1568 1650 1651 1569 
1609 1610 1692 1691 
1569 1651 1652 1570 
1610 1611 1693 1692 
1570 1652 1653 1571 
1611 1612 1694 1693 
1571 1653 1654 1572 
1612 1613 1695 1694 
1572 1654 1655 1573 
1613 1614 1696 1695 
1573 1655 1656 1574 
1614 1615 1697 1696 
1574 1656 1657 1575 
1615 1616 1698 1697 
1575 1657 1658 1576 
1616 1617 1699 1698 
1576 1658 1659 1577 
1617 1618 1700 1699 
1577 1659 1660 1578 
1618 1619 1701 1700 
1578 1660 1661 1579 
1619 1620 1702 1701 
1579 1661 1662 1580 
1620 1621 1703 1702 
1580 1662 1663 1581 
1621 1622 1704 1703 
1581 1663 1664 1582 
1622 1623 1705 1704 
1582 1664 1665 1583 
1623 1624 1706 1705 
1583 1665 1666 1584 
1624 1625 1707 1706 
1584 1666 1667 1585 
1625 1626 1708 1707 
1585 1667 1668 1586 
1626 1627 1709 1708 
1586 1668 1669 1587 
1627 1628 1710 1709 
1587 1669 1670 1588 
1628 1629 1711 1710 
1588 1670 1671 1589 
1629 1630 1712 1711 
1589 1671 1672 1590 
1630 1631 1713 1712 
1590 1672 1673 1591 
1631 1632 1714 1713 
1591 1673 1674 1592 
1632 1633 1715 1714 
1592 1674 1675 1593 
1633 1634 1716 1715 
1593 1675 1676 1594 
1634 1635 1717 1716 
1594 1676 1677 1595 
1635 1636 1718 1717 
1595 1677 1678 1596 
1636 1637 1719 1718 
1596 1678 1679 1597 
1637 1638 1720 1719 
1597 1679 1680 1598 
1638 1639 1721 1720 
1598 1680 1721 1639 
1640 1722 1723 1641 
1681 1682 1764 1763 
1640 1681 1763 1722 
1641 1723 1724 1642 
1682 1683 1765 1764 
1642 1724 1725 1643 
1683 1684 1766 1765 
1643 1725 1726 1644 
1684 1685 1767 1766 
1644 1726 1727 1645 
1685 1686 1768 1767 
1645 1727 1728 1646 
1686 1687 1769 1768 
1646 1728 1729 1647 
1687 1688 1770 1769 
1647 1729 1730 1648 
1688 1689 1771 1770 
1648 1730 1731 1649 
1689 1690 1772 1771 
1649 1731 1732 1650 
1690 1691 1773 1772 
1650 1732 1733 1651 
1691 1692 1774 1773 
1651 1733 1734 1652 
1692 1693 1775 1774 
1652 1734 1735 1653 
1693 1694 1776 1775 
1653 1735 1736 1654 
1694 1695 1777 1776 
1654 1736 1737 1655 
1695 1696 1778 1777 
1655 1737 1738 1656 
1696 1697 1779 1778 
1656 1738 1739 1657 
1697 1698 1780 1779 
1657 1739 1740 1658 
1698 1699 1781 1780 
1658 1740 1741 1659 
1699 1700 1782 1781 
1659 1741 1742 1660 
1700 1701 1783 1782 
1660 1742 1743 1661 
1701 1702 1784 1783 
1661 1743 1744 1662 
1702 1703 1785 1784 
1662 1744 1745 1663 
1703 1704 1786 1785 
1663 1745 1746 1664 
1704 1705 1787 1786 
1664 1746 1747 1665 
1705 1706 1788 1787 
1665 1747 1748 1666 
1706 1707 1789 1788 
1666 1748 1749 1667 
1707 1708 1790 1789 
1667 1749 1750 1668 
1708 1709 1791 1790 
1668 1750 1751 1669 
1709 1710 1792 1791 
1669 1751 1752 1670 
1710 1711 1793 1792 
1670 1752 1753 1671 
1711 1712 1794 1793 
1671 1753 1754 1672 
1712 1713 1795 1794 
1672 1754 1755 1673 
1713 1714 1796 1795 
1673 1755 1756 1674 
1714 1715 1797 1796 
1674 1756 1757 1675 
1715 1716 1798 1797 
1675 1757 1758 1676 
1716 1717 1799 1798 
1676 1758 1759 1677 
1717 1718 1800 1799 
1677 1759 1760 1678 
1718 1719 1801 1800 
1678 1760 1761 1679 
1719 1720 1802 1801 
1679 1761 1762 1680 
1720 1721 1803 1802 
1680 1762 1803 1721 
1722 1804 1805 1723 
1763 1764 1846 1845 
1722 1763 1845 1804 
1723 1805 1806 1724 
1764 1765 1847 1846 
1724 1806 1807 1725 
1765 1766 1848 1847 
1725 1807 1808 1726 
1766 1767 1849 1848 
1726 1808 1809 1727 
1767 1768 1850 1849 
1727 1809 1810 1728 
1768 1769 1851 1850 
1728 1810 1811 1729 
1769 1770 1852 1851 
1729 1811 1812 1730 
1770 1771 1853 1852 
1730 1812 1813 1731 
1771 1772 1854 1853 
1731 1813 1814 1732 
1772 1773 1855 1854 
1732 1814 1815 1733 
1773 1774 1856 1855 
1733 1815 1816 1734 
1774 1775 1857 1856 
1734 1816 1817 1735 
1775 1776 1858 1857 
1735 1817 1818 1736 
1776 1777 1859 1858 
1736 1818 1819 1737 
1777 1778 1860 1859 
1737 1819 1820 1738 
1778 1779 1861 1860 
1738 1820 1821 1739 
1779 1780 1862 1861 
1739 1821 1822 1740 
1780 1781 1863 1862 
1740 1822 1823 1741 
1781 1782 1864 1863 
1741 1823 1824 1742 
1782 1783 1865 1864 
1742 1824 1825 1743 
1783 1784 1866 1865 
1743 1825 1826 1744 
1784 1785 1867 1866 
1744 1826 1827 1745 
1785 1786 1868 1867 
1745 1827 1828 1746 
1786 1787 1869 1868 
1746 1828 1829 1747 
1787 1788 1870 1869 
1747 1829 1830 1748 
1788 1789 1871 1870 
1748 1830 1831 1749 
1789 1790 1872 1871 
1749 1831 1832 1750 
1790 1791 1873 1872 
1750 1832 1833 1751 
1791 1792 1874 1873 
1751 1833 1834 1752 
1792 1793 1875 1874 
1752 1834 1835 1753 
1793 1794 1876 1875 
1753 1835 1836 1754 
1794 1795 1877 1876 
1754 1836 1837 1755 
1795 1796 1878 1877 
1755 1837 1838 1756 
1796 1797 1879 1878 
1756 1838 1839 1757 
1797 1798 1880 1879 
1757 1839 1840 1758 
1798 1799 1881 1880 
1758 1840 1841 1759 
1799 1800 1882 1881 
1759 1841 1842 1760 
1800 1801 1883 1882 
1760 1842 1843 1761 
1801 1802 1884 1883 
1761 1843 1844 1762 
1802 1803 1885 1884 
1762 1844 1885 1803 
1804 1886 1887 1805 
1845 1846 1928 1927 
1804 1845 1927 1886 
1805 1887 1888 1806 
1846 1847 1929 1928 
1806 1888 1889 1807 
1847 1848 1930 1929 
1807 1889 1890 1808 
1848 1849 1931 1930 
1808 1890 1891 1809 
1849 1850 1932 1931 
1809 1891 1892 1810 
1850 1851 1933 1932 
1810 1892 1893 1811 
1851 1852 1934 1933 
1811 1893 1894 1812 
1852 1853 1935 1934 
1812 1894 1895 1813 
1853 1854 1936 1935 
1813 1895 1896 1814 
1854 1855 1937 1936 
1814 1896 1897 1815 
1855 1856 1938 1937 
1815 1897 1898 1816 
1856 1857 1939 1938 
1816 1898 1899 1817 
1857 1858 1940 1939 
1817 1899 1900 1818 
1858 1859 1941 1940 
1818 1900 1901 1819 
1859 1860 1942 1941 
1819 1901 1902 1820 
1860 1861 1943 1942 
1820 1902 1903 1821 
1861 1862 1944 1943 
1821 1903 1904 1822 
1862 1863 1945 1944 
1822 1904 1905 1823 
1863 1864 1946 1945 
1823 1905 1906 1824 
1864 1865 1947 1946 
1824 1906 1907 1825 
1865 1866 1948 1947 
1825 1907 1908 1826 
1866 1867 1949 1948 
1826 1908 1909 1827 
1867 1868 1950 1949 
1827 1909 1910 1828 
1868 1869 1951 1950 
1828 1910 1911 1829 
1869 1870 1952 1951 
1829 1911 1912 1830 
1870 1871 1953 1952 
1830 1912 1913 1831 
1871 1872 1954 1953 
1831 1913 1914 1832 
1872 1873 1955 1954 
1832 1914 1915 1833 
1873 1874 1956 1955 
1833 1915 1916 1834 
1874 1875 1957 1956 
1834 1916 1917 1835 
1875 1876 1958 1957 
1835 1917 1918 1836 
1876 1877 1959 1958 
1836 1918 1919 1837 
1877 1878 1960 1959 
1837 1919 1920 1838 
1878 1879 1961 1960 
1838 1920 1921 1839 
1879 1880 1962 1961 
1839 1921 1922 1840 
1880 1881 1963 1962 
1840 1922 1923 1841 
1881 1882 1964 1963 
1841 1923 1924 1842 
1882 1883 1965 1964 
1842 1924 1925 1843 
1883 1884 1966 1965 
1843 1925 1926 1844 
1884 1885 1967 1966 
1844 1926 1967 1885 
1968 2009 2010 1969 
1886 1968 1969 1887 
1927 1928 2010 2009 
1886 1927 2009 1968 
1969 2010 2011 1970 
1887 1969 1970 1888 
1928 1929 2011 2010 
1970 2011 2012 1971 
1888 1970 1971 1889 
1929 1930 2012 2011 
1971 2012 2013 1972 
1889 1971 1972 1890 
1930 1931 2013 2012 
1972 2013 2014 1973 
1890 1972 1973 1891 
1931 1932 2014 2013 
1973 2014 2015 1974 
1891 1973 1974 1892 
1932 1933 2015 2014 
1974 2015 2016 1975 
1892 1974 1975 1893 
1933 1934 2016 2015 
1975 2016 2017 1976 
1893 1975 1976 1894 
1934 1935 2017 2016 
1976 2017 2018 1977 
1894 1976 1977 1895 
1935 1936 2018 2017 
1977 2018 2019 1978 
1895 1977 1978 1896 
1936 1937 2019 2018 
1978 2019 2020 1979 
1896 1978 1979 1897 
1937 1938 2020 2019 
1979 2020 2021 1980 
1897 1979 1980 1898 
1938 1939 2021 2020 
1980 2021 2022 1981 
1898 1980 1981 1899 
1939 1940 2022 2021 
1981 2022 2023 1982 
1899 1981 1982 1900 
1940 1941 2023 2022 
1982 2023 2024 1983 
1900 1982 1983 1901 
1941 1942 2024 2023 
1983 2024 2025 1984 
1901 1983 1984 1902 
1942 1943 2025 2024 
1984 2025 2026 1985 
1902 1984 1985 1903 
1943 1944 2026 2025 
1985 2026 2027 1986 
1903 1985 1986 1904 
1944 1945 2027 2026 
1986 2027 2028 1987 
1904 1986 1987 1905 
1945 1946 2028 2027 
1987 2028 2029 1988 
1905 1987 1988 1906 
1946 1947 2029 2028 
1988 2029 2030 1989 
1906 1988 1989 1907 
1947 1948 2030 2029 
1989 2030 2031 1990 
1907 1989 1990 1908 
1948 1949 2031 2030 
1990 2031 2032 1991 
1908 1990 1991 1909 
1949 1950 2032 2031 
1991 2032 2033 1992 
1909 1991 1992 1910 
1950 1951 2033 2032 
1992 2033 2034 1993 
1910 1992 1993 1911 
1951 1952 2034 2033 
1993 2034 2035 1994 
1911 1993 1994 1912 
1952 1953 2035 2034 
1994 2035 2036 1995 
1912 1994 1995 1913 
1953 1954 2036 2035 
1995 2036 2037 1996 
1913 1995 1996 1914 
1954 1955 2037 2036 
1996 2037 2038 1997 
1914 1996 1997 1915 
1955 1956 2038 2037 
1997 2038 2039 1998 
1915 1997 1998 1916 
1956 1957 2039 2038 
1998 2039 2040 1999 
1916 1998 1999 1917 
1957 1958 2040 2039 
1999 2040 2041 2000 
1917 1999 2000 1918 
1958 1959 2041 2040 
2000 2041 2042 2001 
1918 2000 2001 1919 
1959 1960 2042 2041 
2001 2042 2043 2002 
1919 2001 2002 1920 
1960 1961 2043 2042 
2002 2043 2044 2003 
1920 2002 2003 1921 
1961 1962 2044 2043 
2003 2044 2045 2004 
1921 2003 2004 1922 
1962 1963 2045 2044 
2004 2045 2046 2005 
1922 2004 2005 1923 
1963 1964 2046 2045 
2005 2046 2047 2006 
1923 2005 2006 1924 
1964 1965 2047 2046 
2006 2047 2048 2007 
1924 2006 2007 1925 
1965 1966 2048 2047 
2007 2048 2049 2008 
1925 2007 2008 1926 
1966 1967 2049 2048 
1926 2008 2049 1967 
